1 20
2 8
3 25
4 16
5 39
6 9
7 12
8 18
9 32
10 5
11 27
12 35
13 36
14 4
15 33
16 26
17 35
18 33
19 35
20 29
21 34
22 8
23 6
24 17
25 25
26 35
27 23
28 24
29 28
30 20
31 29
32 3
33 5
34 40
35 7
36 20
37 33
38 39
39 35
40 3
41 9
42 28
43 30
44 40
45 22
46 31
47 35
48 17
49 29
50 3
51 34
52 33
53 14
54 15
55 35
56 28
57 37
58 14
59 26
60 13
61 13
62 18
63 2
64 38
65 37
66 33
67 8
68 33
69 40
70 14
71 4
72 16
73 21
74 6
75 22
76 27
77 19
78 16
79 39
80 33
81 28
82 40
83 5
84 25
85 5
86 25
87 29
88 20
89 17
90 26
91 13
92 36
93 5
94 19
95 29
96 13
97 1
98 9
99 39
100 11
101 33
102 29
103 40
104 20
105 29
106 34
107 23
108 32
109 8
110 22
111 14
112 34
113 29
114 20
115 13
116 39
117 38
118 36
119 17
120 5
121 37
122 33
123 5
124 12
125 32
126 24
127 39
128 16
129 6
130 22
131 35
132 22
133 8
134 3
135 19
136 19
137 32
138 38
139 26
140 35
141 16
142 2
143 2
144 34
145 31
146 4
147 13
148 37
149 35
150 23
151 10
152 14
153 17
154 29
155 24
156 38
157 28
158 11
159 8
160 38
161 39
162 18
163 15
164 1
165 8
166 11
167 21
168 22
169 3
170 30
171 16
172 4
173 40
174 36
175 16
176 2
177 32
178 39
179 19
180 34
181 11
182 37
183 8
184 39
185 35
186 16
187 34
188 25
189 7
190 17
191 6
192 39
193 12
194 27
195 39
196 25
197 32
198 25
199 33
200 9
201 6
202 38
203 32
204 19
205 24
206 39
207 35
208 14
209 9
210 31
211 34
212 8
213 7
214 14
215 14
216 14
217 7
218 40
219 4
220 13
221 4
222 2
223 6
224 18
225 32
226 8
227 21
228 19
229 18
230 1
231 39
232 23
233 31
234 18
235 2
236 22
237 38
238 13
239 36
240 36
241 37
242 39
243 3
244 1
245 5
246 18
247 5
248 4
249 8
250 39
251 16
252 21
253 39
254 29
255 32
256 19
257 24
258 35
259 20
260 27
261 35
262 30
263 14
264 31
265 30
266 20
267 17
268 25
269 19
270 8
271 28
272 10
273 22
274 15
275 9
276 20
277 24
278 17
279 24
280 2
281 16
282 34
283 34
284 32
285 34
286 5
287 34
288 21
289 23
290 34
291 27
292 19
293 18
294 34
295 17
296 7
297 30
298 8
299 5
300 22
301 29
302 13
303 7
304 11
305 9
306 11
307 34
308 3
309 30
310 34
311 25
312 28
313 15
314 37
315 18
316 16
317 3
318 14
319 15
320 40
321 23
322 36
323 31
324 10
325 13
326 28
327 23
328 9
329 17
330 7
331 2
332 17
333 33
334 20
335 38
336 12
337 24
338 20
339 37
340 26
341 2
342 14
343 6
344 3
345 27
346 25
347 19
348 36
349 38
350 1
351 3
352 32
353 18
354 19
355 37
356 33
357 26
358 34
359 21
360 24
361 33
362 23
363 21
364 39
365 25
366 8
367 13
368 24
369 25
370 1
371 16
372 22
373 12
374 25
375 34
376 15
377 18
378 32
379 35
380 31
381 14
382 40
383 33
384 28
385 8
386 21
387 4
388 15
389 7
390 35
391 26
392 29
393 14
394 11
395 32
396 30
397 39
398 39
399 32
400 37
401 1
402 23
403 24
404 13
405 12
406 9
407 26
408 6
409 12
410 13
411 23
412 19
413 17
414 9
415 2
416 36
417 2
418 19
419 31
420 23
421 40
422 29
423 22
424 36
425 11
426 9
427 1
428 38
429 6
430 37
431 7
432 16
433 9
434 20
435 10
436 35
437 24
438 4
439 35
440 39
441 10
442 10
443 31
444 32
445 3
446 8
447 5
448 23
449 36
450 18
451 26
452 34
453 18
454 22
455 18
456 20
457 31
458 31
459 1
460 10
461 12
462 3
463 31
464 22
465 31
466 19
467 25
468 27
469 18
470 13
471 14
472 32
473 19
474 8
475 22
476 6
477 13
478 40
479 15
480 31
481 35
482 24
483 36
484 1
485 14
486 39
487 23
488 40
489 21
490 17
491 32
492 1
493 18
494 13
495 29
496 30
497 6
498 25
499 32
500 9
501 25
502 29
503 5
504 19
505 22
506 32
507 2
508 34
509 3
510 25
511 14
512 27
513 30
514 34
515 14
516 35
517 38
518 12
519 6
520 30
521 10
522 8
523 1
524 16
525 39
526 13
527 40
528 22
529 22
530 1
531 13
532 39
533 9
534 40
535 32
536 16
537 7
538 12
539 5
540 20
541 2
542 28
543 9
544 28
545 8
546 37
547 20
548 16
549 10
550 1
551 31
552 6
553 10
554 30
555 4
556 27
557 1
558 39
559 20
560 38
561 39
562 12
563 9
564 17
565 7
566 9
567 16
568 39
569 17
570 6
571 16
572 20
573 21
574 13
575 22
576 33
577 12
578 8
579 24
580 21
581 14
582 8
583 2
584 11
585 31
586 3
587 11
588 32
589 6
590 3
591 15
592 35
593 24
594 13
595 23
596 30
597 14
598 29
599 15
600 37
601 26
602 12
603 22
604 20
605 21
606 11
607 11
608 17
609 28
610 24
611 6
612 13
613 39
614 20
615 2
616 25
617 18
618 14
619 16
620 21
621 34
622 31
623 9
624 26
625 5
626 10
627 6
628 40
629 39
630 15
631 36
632 16
633 4
634 28
635 35
636 5
637 12
638 19
639 21
640 27
641 22
642 21
643 14
644 28
645 11
646 4
647 19
648 26
649 39
650 2
651 5
652 31
653 32
654 27
655 1
656 18
657 16
658 21
659 18
660 33
661 3
662 40
663 27
664 21
665 29
666 20
667 37
668 38
669 36
670 21
671 11
672 25
673 10
674 12
675 36
676 34
677 31
678 8
679 33
680 7
681 6
682 14
683 1
684 4
685 27
686 21
687 11
688 24
689 40
690 8
691 27
692 30
693 24
694 2
695 19
696 14
697 10
698 22
699 21
700 16
701 23
702 21
703 39
704 1
705 19
706 4
707 6
708 25
709 39
710 26
711 7
712 27
713 39
714 32
715 37
716 31
717 38
718 17
719 10
720 38
721 33
722 20
723 31
724 25
725 36
726 8
727 31
728 28
729 26
730 10
731 27
732 11
733 33
734 30
735 23
736 23
737 36
738 15
739 8
740 31
741 21
742 33
743 6
744 24
745 16
746 12
747 22
748 28
749 14
750 20
751 30
752 5
753 22
754 30
755 35
756 26
757 32
758 37
759 13
760 34
761 37
762 27
763 26
764 39
765 14
766 16
767 4
768 35
769 4
770 33
771 8
772 34
773 26
774 24
775 26
776 8
777 35
778 38
779 29
780 29
781 1
782 25
783 36
784 35
785 40
786 2
787 7
788 16
789 22
790 20
791 23
792 30
793 36
794 22
795 10
796 34
797 37
798 3
799 17
800 2
801 32
802 2
803 22
804 14
805 8
806 28
807 6
808 1
809 9
810 8
811 31
812 25
813 20
814 25
815 40
816 6
817 20
818 12
819 31
820 3
821 7
822 36
823 15
824 16
825 34
826 12
827 36
828 28
829 7
830 5
831 35
832 28
833 24
834 24
835 11
836 11
837 30
838 20
839 9
840 6
841 18
842 24
843 24
844 38
845 14
846 14
847 30
848 18
849 39
850 2
851 23
852 2
853 22
854 19
855 19
856 37
857 29
858 24
859 26
860 32
861 32
862 36
863 17
864 36
865 13
866 29
867 2
868 5
869 11
870 37
871 14
872 35
873 1
874 24
875 3
876 16
877 21
878 12
879 13
880 11
881 3
882 27
883 37
884 31
885 26
886 33
887 29
888 9
889 39
890 13
891 16
892 21
893 35
894 26
895 17
896 30
897 4
898 35
899 36
900 15
901 35
902 18
903 24
904 39
905 17
906 20
907 11
908 38
909 36
910 25
911 3
912 19
913 21
914 15
915 23
916 32
917 33
918 34
919 20
920 3
921 22
922 13
923 6
924 25
925 39
926 28
927 34
928 27
929 22
930 14
931 16
932 33
933 11
934 2
935 36
936 4
937 3
938 9
939 8
940 3
941 3
942 17
943 29
944 32
945 36
946 26
947 17
948 4
949 29
950 35
951 17
952 10
953 26
954 9
955 37
956 25
957 23
958 14
959 22
960 33
961 38
962 8
963 33
964 7
965 38
966 24
967 20
968 18
969 33
970 26
971 16
972 14
973 12
974 4
975 29
976 11
977 16
978 27
979 20
980 25
981 20
982 3
983 12
984 20
985 39
986 29
987 5
988 35
989 13
990 6
991 38
992 3
993 36
994 17
995 37
996 10
997 22
998 30
999 2
1000 16
1001 27
1002 7
1003 20
1004 6
1005 18
1006 31
1007 9
1008 22
1009 12
1010 40
1011 30
1012 21
1013 10
1014 18
1015 3
1016 19
1017 8
1018 31
1019 11
1020 27
1021 24
1022 9
1023 9
1024 19
1025 28
1026 27
1027 3
1028 21
1029 18
1030 5
1031 21
1032 3
1033 5
1034 18
1035 21
1036 39
1037 5
1038 18
1039 34
1040 27
1041 29
1042 31
1043 39
1044 36
1045 14
1046 18
1047 20
1048 7
1049 3
1050 23
1051 17
1052 18
1053 17
1054 3
1055 21
1056 2
1057 19
1058 15
1059 26
1060 39
1061 12
1062 16
1063 30
1064 8
1065 39
1066 20
1067 11
1068 29
1069 37
1070 30
1071 40
1072 34
1073 15
1074 17
1075 31
1076 3
1077 22
1078 39
1079 23
1080 12
1081 39
1082 38
1083 32
1084 25
1085 6
1086 4
1087 36
1088 8
1089 24
1090 32
1091 10
1092 27
1093 14
1094 25
1095 15
1096 13
1097 5
1098 7
1099 6
1100 25
1101 7
1102 4
1103 24
1104 25
1105 15
1106 32
1107 8
1108 5
1109 11
1110 39
1111 24
1112 2
1113 25
1114 17
1115 35
1116 20
1117 19
1118 40
1119 40
1120 19
1121 34
1122 32
1123 10
1124 5
1125 25
1126 30
1127 23
1128 22
1129 28
1130 27
1131 33
1132 6
1133 6
1134 30
1135 2
1136 5
1137 40
1138 28
1139 37
1140 29
1141 21
1142 26
1143 14
1144 20
1145 14
1146 24
1147 36
1148 6
1149 24
1150 8
1151 17
1152 35
1153 24
1154 7
1155 14
1156 37
1157 30
1158 22
1159 33
1160 32
1161 28
1162 18
1163 15
1164 5
1165 31
1166 14
1167 8
1168 40
1169 26
1170 3
1171 3
1172 27
1173 6
1174 19
1175 25
1176 11
1177 26
1178 34
1179 21
1180 19
1181 18
1182 26
1183 23
1184 13
1185 25
1186 19
1187 12
1188 37
1189 20
1190 2
1191 36
1192 18
1193 39
1194 15
1195 24
1196 16
1197 23
1198 9
1199 21
1200 17
1201 28
1202 2
1203 32
1204 2
1205 14
1206 34
1207 17
1208 29
1209 5
1210 25
1211 21
1212 24
1213 28
1214 39
1215 12
1216 7
1217 24
1218 26
1219 39
1220 24
1221 36
1222 5
1223 15
1224 10
1225 25
1226 27
1227 16
1228 34
1229 32
1230 39
1231 6
1232 39
1233 11
1234 25
1235 12
1236 19
1237 11
1238 2
1239 32
1240 33
1241 26
1242 12
1243 40
1244 31
1245 11
1246 27
1247 36
1248 37
1249 16
1250 3
1251 39
1252 2
1253 18
1254 3
1255 10
1256 18
1257 34
1258 15
1259 8
1260 37
1261 3
1262 17
1263 32
1264 21
1265 9
1266 34
1267 2
1268 2
1269 18
1270 39
1271 5
1272 8
1273 7
1274 14
1275 29
1276 40
1277 33
1278 30
1279 35
1280 30
1281 33
1282 8
1283 4
1284 40
1285 31
1286 25
1287 27
1288 37
1289 35
1290 4
1291 32
1292 33
1293 23
1294 31
1295 7
1296 17
1297 19
1298 15
1299 13
1300 5
1301 34
1302 27
1303 29
1304 36
1305 8
1306 5
1307 31
1308 17
1309 36
1310 36
1311 36
1312 4
1313 21
1314 29
1315 27
1316 11
1317 6
1318 30
1319 26
1320 17
1321 21
1322 27
1323 10
1324 39
1325 31
1326 34
1327 21
1328 15
1329 35
1330 34
1331 13
1332 25
1333 29
1334 14
1335 16
1336 20
1337 7
1338 23
1339 25
1340 36
1341 26
1342 15
1343 7
1344 29
1345 2
1346 28
1347 5
1348 22
1349 34
1350 7
1351 32
1352 20
1353 24
1354 29
1355 15
1356 13
1357 2
1358 2
1359 29
1360 9
1361 20
1362 16
1363 7
1364 6
1365 15
1366 9
1367 38
1368 23
1369 33
1370 22
1371 1
1372 28
1373 27
1374 8
1375 34
1376 38
1377 20
1378 29
1379 39
1380 7
1381 7
1382 33
1383 3
1384 17
1385 4
1386 2
1387 4
1388 8
1389 7
1390 6
1391 17
1392 34
1393 22
1394 35
1395 28
1396 19
1397 5
1398 24
1399 26
1400 7
1401 19
1402 36
1403 28
1404 33
1405 10
1406 30
1407 36
1408 39
1409 8
1410 37
1411 37
1412 18
1413 31
1414 8
1415 24
1416 3
1417 6
1418 28
1419 38
1420 28
1421 8
1422 39
1423 31
1424 17
1425 38
1426 1
1427 33
1428 3
1429 16
1430 21
1431 26
1432 8
1433 9
1434 22
1435 11
1436 25
1437 26
1438 4
1439 32
1440 3
1441 32
1442 33
1443 6
1444 14
1445 28
1446 22
1447 28
1448 35
1449 30
1450 39
1451 7
1452 37
1453 38
1454 10
1455 28
1456 5
1457 1
1458 32
1459 39
1460 28
1461 36
1462 20
1463 25
1464 17
1465 12
1466 7
1467 1
1468 36
1469 25
1470 17
1471 5
1472 30
1473 5
1474 6
1475 6
1476 27
1477 30
1478 38
1479 29
1480 15
1481 13
1482 26
1483 36
1484 24
1485 20
1486 34
1487 12
1488 13
1489 7
1490 18
1491 1
1492 31
1493 23
1494 33
1495 7
1496 25
1497 6
1498 33
1499 26
1500 35
1501 15
1502 38
1503 9
1504 30
1505 35
1506 9
1507 6
1508 20
1509 22
1510 11
1511 22
1512 12
1513 39
1514 8
1515 6
1516 3
1517 36
1518 33
1519 18
1520 21
1521 38
1522 13
1523 20
1524 20
1525 13
1526 17
1527 13
1528 39
1529 20
1530 17
1531 31
1532 16
1533 29
1534 20
1535 16
1536 23
1537 22
1538 32
1539 34
1540 8
1541 35
1542 4
1543 18
1544 27
1545 9
1546 5
1547 5
1548 39
1549 8
1550 22
1551 8
1552 13
1553 7
1554 6
1555 7
1556 1
1557 22
1558 38
1559 13
1560 33
1561 29
1562 15
1563 1
1564 40
1565 27
1566 28
1567 30
1568 6
1569 23
1570 17
1571 4
1572 9
1573 18
1574 8
1575 10
1576 15
1577 19
1578 22
1579 8
1580 13
1581 11
1582 8
1583 19
1584 13
1585 28
1586 16
1587 40
1588 15
1589 4
1590 19
1591 25
1592 30
1593 35
1594 9
1595 6
1596 30
1597 27
1598 29
1599 15
1600 30
1601 22
1602 31
1603 4
1604 29
1605 22
1606 22
1607 33
1608 11
1609 33
1610 14
1611 22
1612 9
1613 37
1614 39
1615 15
1616 26
1617 31
1618 7
1619 38
1620 16
1621 37
1622 26
1623 39
1624 37
1625 17
1626 26
1627 20
1628 2
1629 30
1630 2
1631 31
1632 7
1633 20
1634 34
1635 7
1636 11
1637 25
1638 35
1639 27
1640 19
1641 8
1642 38
1643 2
1644 35
1645 40
1646 29
1647 36
1648 15
1649 10
1650 39
1651 30
1652 9
1653 1
1654 40
1655 22
1656 14
1657 9
1658 14
1659 26
1660 2
1661 4
1662 5
1663 13
1664 15
1665 26
1666 9
1667 1
1668 8
1669 10
1670 38
1671 32
1672 1
1673 28
1674 7
1675 35
1676 10
1677 13
1678 15
1679 2
1680 9
1681 14
1682 38
1683 10
1684 9
1685 39
1686 30
1687 7
1688 9
1689 14
1690 35
1691 26
1692 27
1693 30
1694 26
1695 23
1696 10
1697 26
1698 8
1699 27
1700 36
1701 2
1702 10
1703 2
1704 25
1705 31
1706 27
1707 13
1708 36
1709 2
1710 27
1711 8
1712 23
1713 21
1714 30
1715 25
1716 31
1717 30
1718 8
1719 40
1720 10
1721 14
1722 28
1723 17
1724 2
1725 25
1726 12
1727 30
1728 28
1729 24
1730 35
1731 39
1732 17
1733 14
1734 14
1735 27
1736 19
1737 19
1738 32
1739 32
1740 21
1741 36
1742 36
1743 11
1744 36
1745 28
1746 6
1747 9
1748 16
1749 5
1750 35
1751 28
1752 23
1753 37
1754 19
1755 32
1756 25
1757 5
1758 33
1759 7
1760 35
1761 2
1762 13
1763 29
1764 18
1765 27
1766 26
1767 18
1768 20
1769 6
1770 29
1771 20
1772 19
1773 5
1774 33
1775 38
1776 27
1777 23
1778 4
1779 16
1780 19
1781 28
1782 21
1783 39
1784 11
1785 3
1786 3
1787 14
1788 40
1789 10
1790 6
1791 22
1792 18
1793 22
1794 17
1795 22
1796 37
1797 35
1798 38
1799 9
1800 27
1801 21
1802 22
1803 26
1804 17
1805 36
1806 8
1807 27
1808 36
1809 5
1810 31
1811 40
1812 14
1813 33
1814 3
1815 3
1816 37
1817 14
1818 17
1819 32
1820 19
1821 19
1822 27
1823 14
1824 22
1825 27
1826 14
1827 7
1828 29
1829 17
1830 27
1831 14
1832 17
1833 12
1834 15
1835 21
1836 37
1837 10
1838 22
1839 6
1840 33
1841 15
1842 18
1843 23
1844 24
1845 10
1846 38
1847 2
1848 35
1849 37
1850 20
1851 4
1852 17
1853 23
1854 31
1855 7
1856 4
1857 31
1858 37
1859 19
1860 1
1861 8
1862 9
1863 5
1864 10
1865 28
1866 34
1867 30
1868 26
1869 4
1870 2
1871 6
1872 30
1873 39
1874 33
1875 13
1876 40
1877 9
1878 38
1879 10
1880 33
1881 16
1882 18
1883 40
1884 16
1885 7
1886 3
1887 38
1888 5
1889 10
1890 36
1891 22
1892 23
1893 30
1894 24
1895 31
1896 13
1897 23
1898 22
1899 32
1900 27
1901 30
1902 30
1903 10
1904 13
1905 6
1906 16
1907 36
1908 38
1909 12
1910 29
1911 16
1912 39
1913 34
1914 37
1915 2
1916 23
1917 9
1918 7
1919 21
1920 27
1921 17
1922 11
1923 23
1924 6
1925 7
1926 3
1927 31
1928 6
1929 28
1930 21
1931 30
1932 7
1933 29
1934 16
1935 21
1936 22
1937 19
1938 6
1939 33
1940 8
1941 5
1942 19
1943 6
1944 32
1945 16
1946 11
1947 33
1948 37
1949 9
1950 13
1951 18
1952 31
1953 21
1954 23
1955 31
1956 27
1957 22
1958 3
1959 31
1960 30
1961 12
1962 17
1963 35
1964 19
1965 7
1966 11
1967 30
1968 28
1969 35
1970 39
1971 9
1972 9
1973 30
1974 28
1975 3
1976 8
1977 15
1978 4
1979 6
1980 7
1981 5
1982 25
1983 12
1984 21
1985 35
1986 6
1987 5
1988 11
1989 24
1990 3
1991 27
1992 3
1993 34
1994 28
1995 18
1996 32
1997 6
1998 3
1999 4
2000 33
2001 3
2002 8
2003 13
2004 27
2005 36
2006 21
2007 27
2008 21
2009 7
2010 20
2011 26
2012 38
2013 4
2014 34
2015 21
2016 29
2017 36
2018 31
2019 31
2020 27
2021 2
2022 33
2023 24
2024 9
2025 26
2026 34
2027 16
2028 9
2029 17
2030 36
2031 35
2032 35
2033 39
2034 32
2035 4
2036 11
2037 27
2038 10
2039 1
2040 29
2041 28
2042 21
2043 14
2044 10
2045 35
2046 26
2047 26
2048 36
2049 26
2050 32
2051 2
2052 29
2053 4
2054 23
2055 8
2056 17
2057 9
2058 34
2059 18
2060 40
2061 2
2062 30
2063 33
2064 3
2065 12
2066 4
2067 4
2068 34
2069 28
2070 39
2071 13
2072 37
2073 15
2074 29
2075 4
2076 20
2077 10
2078 4
2079 2
2080 36
2081 35
2082 21
2083 38
2084 10
2085 34
2086 38
2087 21
2088 3
2089 11
2090 33
2091 22
2092 12
2093 21
2094 3
2095 28
2096 17
2097 31
2098 36
2099 2
2100 3
2101 35
2102 16
2103 30
2104 39
2105 2
2106 23
2107 9
2108 24
2109 20
2110 4
2111 30
2112 5
2113 35
2114 28
2115 10
2116 25
2117 6
2118 30
2119 37
2120 24
2121 24
2122 3
2123 14
2124 2
2125 11
2126 26
2127 30
2128 20
2129 39
2130 31
2131 2
2132 10
2133 36
2134 23
2135 6
2136 3
2137 25
2138 38
2139 9
2140 39
2141 36
2142 16
2143 9
2144 18
2145 11
2146 34
2147 14
2148 12
2149 2
2150 21
2151 6
2152 24
2153 16
2154 38
2155 17
2156 38
2157 37
2158 29
2159 22
2160 30
2161 34
2162 4
2163 7
2164 10
2165 25
2166 26
2167 22
2168 14
2169 29
2170 24
2171 21
2172 7
2173 25
2174 24
2175 6
2176 36
2177 11
2178 18
2179 23
2180 10
2181 39
2182 28
2183 18
2184 31
2185 11
2186 30
2187 5
2188 35
2189 37
2190 11
2191 14
2192 34
2193 6
2194 7
2195 14
2196 30
2197 9
2198 13
2199 12
2200 10
2201 28
2202 11
2203 7
2204 11
2205 39
2206 20
2207 23
2208 30
2209 34
2210 5
2211 5
2212 9
2213 29
2214 14
2215 14
2216 34
2217 26
2218 6
2219 10
2220 31
2221 19
2222 33
2223 26
2224 28
2225 1
2226 10
2227 16
2228 14
2229 27
2230 21
2231 4
2232 35
2233 37
2234 32
2235 20
2236 35
2237 1
2238 23
2239 36
2240 25
2241 28
2242 32
2243 18
2244 29
2245 29
2246 20
2247 34
2248 12
2249 38
2250 26
2251 18
2252 34
2253 1
2254 17
2255 13
2256 15
2257 13
2258 7
2259 19
2260 5
2261 24
2262 36
2263 4
2264 22
2265 25
2266 16
2267 14
2268 36
2269 39
2270 38
2271 38
2272 19
2273 3
2274 7
2275 27
2276 26
2277 31
2278 5
2279 37
2280 5
2281 6
2282 31
2283 3
2284 8
2285 24
2286 16
2287 31
2288 16
2289 7
2290 31
2291 26
2292 8
2293 4
2294 36
2295 16
2296 39
2297 11
2298 37
2299 40
2300 13
2301 18
2302 38
2303 6
2304 30
2305 31
2306 25
2307 21
2308 35
2309 6
2310 9
2311 19
2312 36
2313 7
2314 35
2315 30
2316 20
2317 25
2318 39
2319 19
2320 29
2321 22
2322 19
2323 6
2324 24
2325 31
2326 8
2327 21
2328 32
2329 5
2330 4
2331 21
2332 17
2333 16
2334 27
2335 16
2336 28
2337 16
2338 29
2339 14
2340 16
2341 8
2342 9
2343 23
2344 26
2345 32
2346 9
2347 3
2348 3
2349 11
2350 25
2351 29
2352 37
2353 31
2354 40
2355 8
2356 9
2357 30
2358 9
2359 38
2360 19
2361 2
2362 24
2363 11
2364 9
2365 8
2366 22
2367 12
2368 22
2369 28
2370 6
2371 19
2372 31
2373 35
2374 23
2375 10
2376 7
2377 33
2378 27
2379 31
2380 4
2381 2
2382 32
2383 4
2384 3
2385 10
2386 1
2387 15
2388 1
2389 15
2390 28
2391 14
2392 23
2393 32
2394 35
2395 30
2396 24
2397 22
2398 2
2399 2
2400 10
2401 23
2402 24
2403 35
2404 30
2405 21
2406 14
2407 27
2408 30
2409 33
2410 1
2411 28
2412 17
2413 35
2414 23
2415 5
2416 2
2417 34
2418 27
2419 16
2420 17
2421 37
2422 13
2423 15
2424 37
2425 2
2426 36
2427 16
2428 6
2429 21
2430 33
2431 38
2432 25
2433 31
2434 33
2435 19
2436 29
2437 33
2438 29
2439 16
2440 4
2441 22
2442 33
2443 14
2444 12
2445 14
2446 17
2447 20
2448 25
2449 19
2450 11
2451 21
2452 37
2453 28
2454 13
2455 13
2456 37
2457 1
2458 17
2459 7
2460 34
2461 9
2462 2
2463 27
2464 28
2465 22
2466 31
2467 33
2468 34
2469 5
2470 5
2471 5
2472 13
2473 28
2474 36
2475 29
2476 20
2477 14
2478 22
2479 30
2480 8
2481 16
2482 19
2483 12
2484 8
2485 9
2486 10
2487 12
2488 30
2489 35
2490 4
2491 7
2492 38
2493 4
2494 9
2495 27
2496 37
2497 32
2498 30
2499 30
2500 39
2501 25
2502 21
2503 26
2504 30
2505 12
2506 40
2507 37
2508 23
2509 21
2510 23
2511 8
2512 35
2513 6
2514 38
2515 28
2516 27
2517 2
2518 11
2519 28
2520 11
2521 2
2522 10
2523 31
2524 36
2525 36
2526 21
2527 29
2528 17
2529 26
2530 5
2531 35
2532 39
2533 5
2534 23
2535 20
2536 20
2537 32
2538 31
2539 20
2540 2
2541 23
2542 25
2543 9
2544 40
2545 17
2546 23
2547 30
2548 33
2549 17
2550 18
2551 6
2552 20
2553 20
2554 24
2555 23
2556 30
2557 18
2558 7
2559 19
2560 6
2561 9
2562 31
2563 18
2564 7
2565 7
2566 40
2567 24
2568 10
2569 38
2570 1
2571 9
2572 38
2573 26
2574 37
2575 13
2576 37
2577 26
2578 3
2579 39
2580 17
2581 16
2582 26
2583 24
2584 34
2585 2
2586 39
2587 22
2588 14
2589 15
2590 29
2591 22
2592 6
2593 31
2594 3
2595 30
2596 7
2597 4
2598 8
2599 18
2600 18
2601 37
2602 33
2603 21
2604 33
2605 15
2606 3
2607 21
2608 5
2609 9
2610 8
2611 2
2612 17
2613 6
2614 32
2615 14
2616 3
2617 40
2618 20
2619 33
2620 9
2621 37
2622 21
2623 40
2624 13
2625 12
2626 11
2627 39
2628 5
2629 2
2630 40
2631 35
2632 36
2633 19
2634 4
2635 4
2636 31
2637 21
2638 2
2639 15
2640 39
2641 19
2642 4
2643 7
2644 33
2645 29
2646 21
2647 39
2648 13
2649 3
2650 16
2651 28
2652 17
2653 12
2654 10
2655 38
2656 19
2657 39
2658 39
2659 3
2660 31
2661 23
2662 3
2663 3
2664 18
2665 31
2666 9
2667 10
2668 30
2669 37
2670 3
2671 19
2672 34
2673 2
2674 34
2675 10
2676 37
2677 17
2678 3
2679 6
2680 19
2681 28
2682 31
2683 23
2684 38
2685 8
2686 39
2687 26
2688 15
2689 31
2690 39
2691 21
2692 19
2693 34
2694 3
2695 15
2696 8
2697 18
2698 12
2699 18
2700 5
2701 9
2702 24
2703 31
2704 20
2705 24
2706 30
2707 29
2708 34
2709 36
2710 3
2711 40
2712 25
2713 20
2714 26
2715 29
2716 7
2717 25
2718 39
2719 9
2720 8
2721 17
2722 38
2723 13
2724 22
2725 13
2726 19
2727 16
2728 11
2729 24
2730 16
2731 36
2732 9
2733 6
2734 25
2735 18
2736 16
2737 37
2738 16
2739 15
2740 7
2741 12
2742 8
2743 3
2744 19
2745 24
2746 16
2747 23
2748 21
2749 33
2750 13
2751 27
2752 31
2753 24
2754 37
2755 34
2756 34
2757 40
2758 18
2759 20
2760 24
2761 39
2762 36
2763 7
2764 23
2765 23
2766 28
2767 37
2768 7
2769 20
2770 38
2771 12
2772 7
2773 15
2774 2
2775 6
2776 2
2777 13
2778 27
2779 34
2780 8
2781 19
2782 18
2783 37
2784 7
2785 21
2786 34
2787 29
2788 16
2789 25
2790 37
2791 30
2792 34
2793 2
2794 22
2795 27
2796 29
2797 6
2798 26
2799 21
2800 17
2801 4
2802 14
2803 38
2804 25
2805 38
2806 20
2807 28
2808 40
2809 27
2810 5
2811 1
2812 27
2813 39
2814 33
2815 39
2816 16
2817 22
2818 8
2819 19
2820 31
2821 34
2822 35
2823 26
2824 18
2825 4
2826 26
2827 2
2828 30
2829 8
2830 2
2831 17
2832 38
2833 25
2834 9
2835 7
2836 8
2837 13
2838 22
2839 37
2840 38
2841 32
2842 5
2843 37
2844 30
2845 30
2846 27
2847 22
2848 32
2849 4
2850 39
2851 9
2852 9
2853 15
2854 15
2855 40
2856 37
2857 29
2858 40
2859 16
2860 37
2861 20
2862 12
2863 21
2864 30
2865 9
2866 29
2867 11
2868 16
2869 16
2870 6
2871 28
2872 40
2873 32
2874 28
2875 16
2876 27
2877 35
2878 27
2879 11
2880 20
2881 31
2882 33
2883 17
2884 21
2885 32
2886 6
2887 4
2888 11
2889 34
2890 16
2891 20
2892 29
2893 15
2894 34
2895 10
2896 26
2897 34
2898 22
2899 39
2900 10
2901 25
2902 35
2903 16
2904 6
2905 22
2906 33
2907 29
2908 7
2909 19
2910 13
2911 38
2912 36
2913 17
2914 10
2915 39
2916 10
2917 40
2918 35
2919 3
2920 4
2921 34
2922 31
2923 12
2924 10
2925 33
2926 26
2927 20
2928 35
2929 12
2930 30
2931 34
2932 22
2933 14
2934 18
2935 22
2936 26
2937 1
2938 8
2939 12
2940 17
2941 15
2942 13
2943 10
2944 2
2945 2
2946 6
2947 32
2948 5
2949 38
2950 26
2951 9
2952 34
2953 19
2954 39
2955 9
2956 16
2957 24
2958 11
2959 9
2960 26
2961 29
2962 6
2963 10
2964 12
2965 2
2966 15
2967 17
2968 34
2969 17
2970 13
2971 20
2972 33
2973 36
2974 36
2975 24
2976 17
2977 27
2978 6
2979 37
2980 40
2981 24
2982 17
2983 2
2984 15
2985 34
2986 33
2987 14
2988 33
2989 18
2990 18
2991 24
2992 37
2993 18
2994 30
2995 10
2996 7
2997 35
2998 16
2999 20
3000 3
3001 28
3002 12
3003 15
3004 32
3005 39
3006 21
3007 7
3008 1
3009 16
3010 6
3011 20
3012 19
3013 5
3014 22
3015 24
3016 20
3017 38
3018 12
3019 17
3020 32
3021 16
3022 21
3023 5
3024 27
3025 21
3026 12
3027 20
3028 16
3029 27
3030 10
3031 11
3032 2
3033 9
3034 14
3035 22
3036 16
3037 15
3038 24
3039 8
3040 20
3041 27
3042 19
3043 9
3044 12
3045 20
3046 11
3047 27
3048 40
3049 20
3050 12
3051 25
3052 37
3053 8
3054 36
3055 37
3056 15
3057 11
3058 6
3059 18
3060 1
3061 15
3062 25
3063 10
3064 8
3065 27
3066 5
3067 10
3068 18
3069 3
3070 30
3071 24
3072 20
3073 19
3074 23
3075 30
3076 27
3077 39
3078 29
3079 21
3080 35
3081 17
3082 10
3083 25
3084 28
3085 30
3086 33
3087 29
3088 19
3089 38
3090 37
3091 20
3092 17
3093 18
3094 6
3095 15
3096 35
3097 24
3098 20
3099 23
3100 35
3101 3
3102 3
3103 36
3104 25
3105 11
3106 12
3107 27
3108 40
3109 35
3110 17
3111 39
3112 34
3113 14
3114 17
3115 36
3116 13
3117 34
3118 32
3119 38
3120 13
3121 3
3122 37
3123 35
3124 9
3125 36
3126 7
3127 9
3128 19
3129 7
3130 5
3131 27
3132 23
3133 19
3134 34
3135 6
3136 38
3137 18
3138 20
3139 27
3140 9
3141 3
3142 7
3143 30
3144 19
3145 15
3146 2
3147 12
3148 18
3149 11
3150 8
3151 19
3152 22
3153 40
3154 28
3155 10
3156 29
3157 2
3158 35
3159 21
3160 13
3161 16
3162 10
3163 29
3164 29
3165 15
3166 16
3167 6
3168 35
3169 28
3170 32
3171 6
3172 16
3173 35
3174 23
3175 2
3176 38
3177 27
3178 17
3179 22
3180 26
3181 9
3182 6
3183 14
3184 13
3185 26
3186 32
3187 31
3188 14
3189 1
3190 10
3191 28
3192 33
3193 24
3194 35
3195 21
3196 24
3197 11
3198 2
3199 32
3200 23
3201 34
3202 6
3203 11
3204 25
3205 7
3206 35
3207 32
3208 36
3209 36
3210 31
3211 2
3212 17
3213 11
3214 8
3215 7
3216 12
3217 13
3218 25
3219 1
3220 2
3221 16
3222 28
3223 12
3224 11
3225 12
3226 20
3227 24
3228 2
3229 38
3230 21
3231 29
3232 17
3233 39
3234 20
3235 18
3236 29
3237 1
3238 21
3239 32
3240 14
3241 1
3242 1
3243 4
3244 40
3245 7
3246 28
3247 2
3248 23
3249 19
3250 39
3251 28
3252 14
3253 2
3254 29
3255 9
3256 26
3257 30
3258 30
3259 32
3260 5
3261 19
3262 27
3263 23
3264 24
3265 14
3266 39
3267 13
3268 12
3269 21
3270 7
3271 38
3272 15
3273 23
3274 22
3275 29
3276 37
3277 9
3278 25
3279 8
3280 23
3281 6
3282 25
3283 19
3284 20
3285 4
3286 14
3287 21
3288 36
3289 29
3290 7
3291 39
3292 16
3293 6
3294 36
3295 28
3296 12
3297 29
3298 30
3299 28
3300 20
3301 26
3302 8
3303 8
3304 15
3305 7
3306 3
3307 36
3308 15
3309 14
3310 21
3311 14
3312 21
3313 37
3314 27
3315 39
3316 20
3317 2
3318 31
3319 15
3320 34
3321 5
3322 37
3323 23
3324 22
3325 2
3326 33
3327 23
3328 12
3329 24
3330 11
3331 9
3332 36
3333 27
3334 32
3335 13
3336 24
3337 25
3338 30
3339 7
3340 33
3341 26
3342 2
3343 34
3344 13
3345 15
3346 16
3347 21
3348 25
3349 21
3350 5
3351 40
3352 7
3353 38
3354 23
3355 36
3356 18
3357 3
3358 25
3359 33
3360 5
3361 2
3362 16
3363 38
3364 20
3365 28
3366 31
3367 11
3368 17
3369 20
3370 34
3371 35
3372 3
3373 32
3374 23
3375 20
3376 23
3377 16
3378 31
3379 16
3380 30
3381 8
3382 8
3383 35
3384 34
3385 21
3386 12
3387 22
3388 26
3389 18
3390 26
3391 30
3392 30
3393 26
3394 35
3395 6
3396 1
3397 13
3398 18
3399 8
3400 8
3401 19
3402 9
3403 38
3404 33
3405 17
3406 10
3407 18
3408 39
3409 39
3410 39
3411 19
3412 2
3413 4
3414 38
3415 12
3416 27
3417 26
3418 3
3419 8
3420 24
3421 25
3422 24
3423 21
3424 15
3425 13
3426 20
3427 17
3428 17
3429 3
3430 39
3431 5
3432 7
3433 2
3434 36
3435 39
3436 1
3437 13
3438 13
3439 14
3440 2
3441 10
3442 10
3443 29
3444 20
3445 32
3446 14
3447 18
3448 22
3449 32
3450 36
3451 10
3452 24
3453 1
3454 29
3455 37
3456 10
3457 39
3458 30
3459 20
3460 34
3461 37
3462 19
3463 35
3464 39
3465 11
3466 10
3467 35
3468 17
3469 8
3470 31
3471 40
3472 17
3473 13
3474 15
3475 16
3476 37
3477 15
3478 39
3479 37
3480 29
3481 11
3482 40
3483 12
3484 7
3485 33
3486 13
3487 7
3488 21
3489 24
3490 39
3491 16
3492 20
3493 23
3494 34
3495 11
3496 24
3497 9
3498 32
3499 34
3500 18
3501 33
3502 24
3503 21
3504 15
3505 3
3506 12
3507 1
3508 12
3509 29
3510 20
3511 15
3512 11
3513 5
3514 30
3515 22
3516 18
3517 6
3518 25
3519 6
3520 25
3521 37
3522 35
3523 27
3524 25
3525 27
3526 4
3527 9
3528 5
3529 34
3530 11
3531 21
3532 25
3533 39
3534 31
3535 31
3536 15
3537 3
3538 19
3539 8
3540 22
3541 30
3542 29
3543 20
3544 35
3545 2
3546 1
3547 17
3548 16
3549 1
3550 24
3551 2
3552 33
3553 27
3554 3
3555 38
3556 27
3557 4
3558 31
3559 36
3560 32
3561 34
3562 10
3563 34
3564 26
3565 19
3566 34
3567 33
3568 23
3569 31
3570 3
3571 14
3572 21
3573 35
3574 34
3575 25
3576 11
3577 19
3578 18
3579 25
3580 31
3581 14
3582 8
3583 38
3584 2
3585 13
3586 17
3587 31
3588 17
3589 21
3590 37
3591 24
3592 30
3593 4
3594 39
3595 40
3596 37
3597 28
3598 18
3599 10
3600 38
3601 24
3602 11
3603 1
3604 10
3605 10
3606 8
3607 29
3608 14
3609 31
3610 11
3611 4
3612 6
3613 22
3614 11
3615 10
3616 26
3617 6
3618 36
3619 4
3620 11
3621 22
3622 26
3623 35
3624 28
3625 14
3626 32
3627 32
3628 38
3629 1
3630 20
3631 6
3632 26
3633 15
3634 26
3635 27
3636 31
3637 26
3638 38
3639 27
3640 7
3641 26
3642 3
3643 27
3644 11
3645 10
3646 35
3647 33
3648 7
3649 30
3650 36
3651 32
3652 35
3653 39
3654 21
3655 38
3656 37
3657 7
3658 20
3659 5
3660 30
3661 9
3662 9
3663 14
3664 39
3665 8
3666 4
3667 21
3668 25
3669 11
3670 31
3671 23
3672 7
3673 8
3674 19
3675 23
3676 29
3677 8
3678 16
3679 19
3680 12
3681 10
3682 25
3683 7
3684 27
3685 11
3686 32
3687 30
3688 11
3689 38
3690 20
3691 34
3692 21
3693 21
3694 32
3695 27
3696 29
3697 5
3698 9
3699 36
3700 8
3701 39
3702 3
3703 15
3704 31
3705 29
3706 5
3707 29
3708 20
3709 23
3710 14
3711 36
3712 33
3713 23
3714 28
3715 26
3716 10
3717 20
3718 2
3719 39
3720 13
3721 11
3722 40
3723 7
3724 22
3725 7
3726 39
3727 37
3728 29
3729 40
3730 22
3731 10
3732 36
3733 31
3734 25
3735 11
3736 13
3737 17
3738 20
3739 4
3740 18
3741 30
3742 29
3743 15
3744 22
3745 38
3746 38
3747 38
3748 32
3749 27
3750 3
3751 12
3752 2
3753 8
3754 39
3755 19
3756 6
3757 14
3758 2
3759 10
3760 39
3761 16
3762 39
3763 26
3764 4
3765 5
3766 38
3767 12
3768 14
3769 35
3770 21
3771 15
3772 3
3773 29
3774 16
3775 8
3776 28
3777 18
3778 39
3779 14
3780 32
3781 34
3782 35
3783 30
3784 8
3785 20
3786 20
3787 40
3788 8
3789 4
3790 5
3791 39
3792 39
3793 4
3794 31
3795 6
3796 39
3797 3
3798 17
3799 9
3800 12
3801 32
3802 27
3803 2
3804 26
3805 22
3806 20
3807 11
3808 26
3809 33
3810 27
3811 10
3812 22
3813 36
3814 6
3815 25
3816 36
3817 33
3818 21
3819 13
3820 36
3821 21
3822 20
3823 2
3824 40
3825 34
3826 17
3827 11
3828 8
3829 37
3830 8
3831 21
3832 12
3833 9
3834 9
3835 6
3836 20
3837 27
3838 28
3839 40
3840 29
3841 14
3842 10
3843 31
3844 6
3845 38
3846 10
3847 23
3848 31
3849 35
3850 10
3851 24
3852 14
3853 23
3854 10
3855 28
3856 16
3857 35
3858 40
3859 25
3860 34
3861 26
3862 24
3863 32
3864 3
3865 4
3866 39
3867 17
3868 39
3869 17
3870 36
3871 18
3872 21
3873 2
3874 32
3875 13
3876 30
3877 14
3878 7
3879 28
3880 30
3881 9
3882 31
3883 26
3884 6
3885 24
3886 36
3887 17
3888 11
3889 9
3890 18
3891 14
3892 15
3893 24
3894 11
3895 29
3896 25
3897 36
3898 38
3899 21
3900 24
3901 19
3902 2
3903 3
3904 8
3905 20
3906 20
3907 23
3908 17
3909 21
3910 25
3911 11
3912 33
3913 25
3914 29
3915 7
3916 28
3917 9
3918 14
3919 13
3920 10
3921 8
3922 6
3923 2
3924 36
3925 19
3926 27
3927 38
3928 29
3929 32
3930 8
3931 16
3932 14
3933 32
3934 35
3935 14
3936 25
3937 10
3938 17
3939 27
3940 13
3941 2
3942 13
3943 15
3944 16
3945 10
3946 33
3947 35
3948 5
3949 18
3950 6
3951 10
3952 10
3953 5
3954 10
3955 37
3956 8
3957 1
3958 9
3959 8
3960 4
3961 12
3962 13
3963 37
3964 14
3965 8
3966 13
3967 27
3968 18
3969 29
3970 5
3971 17
3972 25
3973 22
3974 1
3975 33
3976 5
3977 1
3978 18
3979 13
3980 37
3981 19
3982 13
3983 29
3984 26
3985 36
3986 12
3987 27
3988 26
3989 38
3990 13
3991 18
3992 36
3993 34
3994 8
3995 19
3996 21
3997 18
3998 26
3999 32
4000 26
4001 10
4002 22
4003 1
4004 11
4005 7
4006 27
4007 19
4008 4
4009 31
4010 30
4011 34
4012 40
4013 18
4014 35
4015 33
4016 29
4017 40
4018 18
4019 23
4020 4
4021 30
4022 29
4023 24
4024 15
4025 17
4026 12
4027 23
4028 4
4029 34
4030 7
4031 20
4032 39
4033 27
4034 38
4035 16
4036 11
4037 11
4038 3
4039 38
4040 14
4041 36
4042 2
4043 19
4044 36
4045 4
4046 15
4047 20
4048 37
4049 19
4050 19
4051 18
4052 5
4053 35
4054 7
4055 17
4056 13
4057 30
4058 22
4059 3
4060 8
4061 2
4062 21
4063 23
4064 38
4065 11
4066 28
4067 30
4068 28
4069 12
4070 38
4071 3
4072 35
4073 4
4074 13
4075 35
4076 6
4077 20
4078 25
4079 2
4080 38
4081 17
4082 2
4083 9
4084 37
4085 18
4086 34
4087 37
4088 32
4089 17
4090 27
4091 24
4092 9
4093 15
4094 11
4095 29
4096 28
4097 35
4098 33
4099 11
4100 7
4101 11
4102 32
4103 21
4104 4
4105 9
4106 29
4107 10
4108 3
4109 15
4110 5
4111 28
4112 29
4113 17
4114 8
4115 20
4116 22
4117 24
4118 27
4119 19
4120 40
4121 27
4122 2
4123 37
4124 9
4125 13
4126 4
4127 14
4128 12
4129 3
4130 36
4131 36
4132 24
4133 12
4134 8
4135 17
4136 27
4137 37
4138 14
4139 13
4140 3
4141 27
4142 20
4143 29
4144 5
4145 4
4146 33
4147 36
4148 9
4149 36
4150 39
4151 23
4152 24
4153 6
4154 8
4155 3
4156 37
4157 26
4158 4
4159 4
4160 19
4161 23
4162 19
4163 14
4164 19
4165 18
4166 30
4167 26
4168 32
4169 18
4170 17
4171 30
4172 33
4173 38
4174 13
4175 29
4176 4
4177 40
4178 25
4179 19
4180 1
4181 30
4182 38
4183 3
4184 40
4185 31
4186 24
4187 40
4188 4
4189 7
4190 29
4191 38
4192 2
4193 34
4194 23
4195 24
4196 31
4197 9
4198 9
4199 11
4200 22
4201 19
4202 19
4203 4
4204 28
4205 16
4206 5
4207 35
4208 26
4209 5
4210 20
4211 26
4212 27
4213 20
4214 11
4215 35
4216 24
4217 10
4218 3
4219 7
4220 16
4221 26
4222 35
4223 14
4224 23
4225 18
4226 24
4227 34
4228 27
4229 23
4230 12
4231 5
4232 6
4233 32
4234 40
4235 35
4236 16
4237 28
4238 9
4239 2
4240 24
4241 12
4242 11
4243 35
4244 20
4245 34
4246 21
4247 27
4248 10
4249 23
4250 31
4251 32
4252 4
4253 9
4254 19
4255 30
4256 24
4257 11
4258 20
4259 38
4260 13
4261 25
4262 14
4263 5
4264 3
4265 26
4266 33
4267 19
4268 23
4269 40
4270 19
4271 27
4272 5
4273 3
4274 6
4275 1
4276 30
4277 26
4278 17
4279 21
4280 33
4281 3
4282 2
4283 13
4284 29
4285 21
4286 3
4287 31
4288 24
4289 35
4290 22
4291 36
4292 24
4293 37
4294 14
4295 21
4296 12
4297 33
4298 17
4299 13
4300 39
4301 21
4302 33
4303 5
4304 34
4305 26
4306 13
4307 13
4308 34
4309 1
4310 2
4311 15
4312 15
4313 16
4314 24
4315 9
4316 30
4317 6
4318 13
4319 9
4320 13
4321 27
4322 40
4323 10
4324 25
4325 12
4326 18
4327 26
4328 7
4329 30
4330 2
4331 26
4332 26
4333 25
4334 28
4335 21
4336 37
4337 39
4338 10
4339 31
4340 10
4341 9
4342 15
4343 36
4344 36
4345 23
4346 31
4347 36
4348 17
4349 14
4350 20
4351 10
4352 25
4353 23
4354 39
4355 19
4356 17
4357 3
4358 33
4359 23
4360 34
4361 12
4362 16
4363 28
4364 25
4365 16
4366 7
4367 30
4368 2
4369 23
4370 16
4371 32
4372 39
4373 29
4374 6
4375 34
4376 40
4377 39
4378 35
4379 1
4380 13
4381 31
4382 40
4383 38
4384 12
4385 33
4386 31
4387 31
4388 25
4389 15
4390 11
4391 16
4392 33
4393 5
4394 39
4395 2
4396 29
4397 6
4398 13
4399 23
4400 29
4401 26
4402 38
4403 12
4404 40
4405 2
4406 18
4407 4
4408 31
4409 34
4410 18
4411 8
4412 9
4413 36
4414 17
4415 21
4416 4
4417 12
4418 12
4419 26
4420 25
4421 21
4422 8
4423 5
4424 9
4425 26
4426 31
4427 15
4428 26
4429 1
4430 13
4431 8
4432 28
4433 38
4434 10
4435 31
4436 18
4437 31
4438 3
4439 19
4440 23
4441 38
4442 9
4443 18
4444 16
4445 17
4446 7
4447 3
4448 31
4449 6
4450 21
4451 10
4452 33
4453 32
4454 10
4455 19
4456 25
4457 8
4458 27
4459 30
4460 8
4461 25
4462 37
4463 32
4464 16
4465 5
4466 19
4467 1
4468 26
4469 31
4470 16
4471 8
4472 26
4473 30
4474 21
4475 32
4476 11
4477 2
4478 24
4479 26
4480 33
4481 21
4482 27
4483 8
4484 25
4485 35
4486 24
4487 19
4488 5
4489 4
4490 20
4491 38
4492 17
4493 16
4494 21
4495 29
4496 11
4497 24
4498 36
4499 32
4500 18
4501 18
4502 4
4503 18
4504 8
4505 32
4506 31
4507 35
4508 8
4509 14
4510 35
4511 29
4512 37
4513 37
4514 11
4515 32
4516 17
4517 33
4518 39
4519 4
4520 9
4521 30
4522 20
4523 10
4524 24
4525 18
4526 1
4527 1
4528 36
4529 2
4530 20
4531 30
4532 29
4533 18
4534 15
4535 23
4536 29
4537 32
4538 35
4539 36
4540 10
4541 14
4542 24
4543 27
4544 1
4545 16
4546 23
4547 25
4548 9
4549 21
4550 39
4551 40
4552 24
4553 9
4554 9
4555 15
4556 14
4557 26
4558 10
4559 11
4560 7
4561 7
4562 5
4563 37
4564 6
4565 16
4566 35
4567 5
4568 29
4569 16
4570 23
4571 29
4572 28
4573 34
4574 5
4575 36
4576 26
4577 10
4578 17
4579 14
4580 6
4581 8
4582 35
4583 38
4584 30
4585 30
4586 3
4587 35
4588 31
4589 21
4590 26
4591 32
4592 9
4593 35
4594 22
4595 3
4596 33
4597 33
4598 39
4599 25
4600 23
4601 35
4602 24
4603 15
4604 8
4605 40
4606 39
4607 11
4608 18
4609 26
4610 3
4611 17
4612 27
4613 33
4614 22
4615 11
4616 23
4617 9
4618 10
4619 30
4620 2
4621 34
4622 4
4623 19
4624 22
4625 10
4626 8
4627 4
4628 7
4629 4
4630 35
4631 3
4632 6
4633 31
4634 31
4635 16
4636 7
4637 17
4638 13
4639 9
4640 19
4641 36
4642 2
4643 28
4644 27
4645 8
4646 36
4647 14
4648 12
4649 9
4650 37
4651 13
4652 29
4653 29
4654 36
4655 24
4656 23
4657 25
4658 25
4659 28
4660 39
4661 10
4662 7
4663 32
4664 30
4665 22
4666 8
4667 22
4668 19
4669 33
4670 4
4671 40
4672 21
4673 5
4674 32
4675 23
4676 38
4677 27
4678 39
4679 10
4680 19
4681 9
4682 29
4683 22
4684 31
4685 6
4686 20
4687 37
4688 37
4689 25
4690 33
4691 22
4692 35
4693 31
4694 24
4695 1
4696 12
4697 31
4698 12
4699 9
4700 37
4701 5
4702 14
4703 2
4704 10
4705 13
4706 27
4707 8
4708 38
4709 9
4710 10
4711 29
4712 21
4713 4
4714 9
4715 32
4716 26
4717 21
4718 23
4719 23
4720 29
4721 34
4722 32
4723 1
4724 23
4725 34
4726 20
4727 37
4728 7
4729 28
4730 26
4731 4
4732 16
4733 24
4734 2
4735 13
4736 13
4737 2
4738 30
4739 24
4740 35
4741 38
4742 5
4743 22
4744 34
4745 24
4746 16
4747 11
4748 10
4749 33
4750 5
4751 27
4752 37
4753 18
4754 36
4755 27
4756 22
4757 29
4758 9
4759 3
4760 5
4761 36
4762 15
4763 31
4764 3
4765 33
4766 23
4767 38
4768 6
4769 27
4770 25
4771 16
4772 15
4773 24
4774 31
4775 7
4776 15
4777 18
4778 19
4779 28
4780 6
4781 22
4782 21
4783 39
4784 36
4785 23
4786 20
4787 12
4788 22
4789 30
4790 5
4791 36
4792 36
4793 16
4794 24
4795 33
4796 37
4797 4
4798 6
4799 7
4800 5
4801 25
4802 1
4803 18
4804 18
4805 34
4806 34
4807 30
4808 35
4809 28
4810 31
4811 33
4812 29
4813 25
4814 19
4815 32
4816 16
4817 32
4818 23
4819 28
4820 14
4821 14
4822 28
4823 1
4824 35
4825 22
4826 1
4827 25
4828 16
4829 33
4830 34
4831 25
4832 9
4833 11
4834 34
4835 37
4836 34
4837 12
4838 29
4839 9
4840 22
4841 14
4842 16
4843 23
4844 36
4845 11
4846 23
4847 29
4848 2
4849 29
4850 12
4851 29
4852 13
4853 12
4854 1
4855 26
4856 37
4857 9
4858 26
4859 1
4860 18
4861 16
4862 17
4863 4
4864 20
4865 10
4866 9
4867 28
4868 30
4869 10
4870 39
4871 38
4872 21
4873 28
4874 10
4875 17
4876 15
4877 36
4878 35
4879 28
4880 15
4881 25
4882 6
4883 24
4884 21
4885 3
4886 38
4887 22
4888 31
4889 24
4890 5
4891 11
4892 40
4893 16
4894 31
4895 4
4896 31
4897 13
4898 4
4899 37
4900 17
4901 6
4902 33
4903 16
4904 9
4905 18
4906 12
4907 26
4908 37
4909 33
4910 29
4911 15
4912 31
4913 22
4914 30
4915 40
4916 2
4917 38
4918 31
4919 16
4920 21
4921 32
4922 19
4923 17
4924 10
4925 11
4926 38
4927 24
4928 37
4929 14
4930 29
4931 14
4932 35
4933 22
4934 31
4935 12
4936 10
4937 8
4938 32
4939 20
4940 10
4941 28
4942 36
4943 15
4944 13
4945 2
4946 39
4947 3
4948 37
4949 6
4950 38
4951 21
4952 8
4953 17
4954 20
4955 19
4956 13
4957 35
4958 28
4959 27
4960 29
4961 19
4962 9
4963 20
4964 8
4965 26
4966 34
4967 37
4968 7
4969 32
4970 9
4971 9
4972 11
4973 26
4974 34
4975 37
4976 29
4977 26
4978 39
4979 35
4980 4
4981 20
4982 2
4983 21
4984 21
4985 28
4986 38
4987 13
4988 29
4989 1
4990 27
4991 32
4992 25
4993 15
4994 14
4995 31
4996 21
4997 25
4998 5
4999 20
5000 36
5001 2
5002 3
5003 1
5004 17
5005 25
5006 13
5007 24
5008 2
5009 2
5010 3
5011 9
5012 3
5013 28
5014 1
5015 17
5016 19
5017 3
5018 3
5019 17
5020 30
5021 8
5022 34
5023 37
5024 20
5025 39
5026 3
5027 22
5028 3
5029 40
5030 12
5031 20
5032 29
5033 37
5034 23
5035 35
5036 23
5037 9
5038 27
5039 33
5040 26
5041 24
5042 11
5043 24
5044 8
5045 28
5046 16
5047 17
5048 12
5049 39
5050 28
5051 15
5052 5
5053 30
5054 16
5055 7
5056 40
5057 13
5058 7
5059 6
5060 7
5061 23
5062 20
5063 10
5064 6
5065 5
5066 20
5067 12
5068 13
5069 11
5070 11
5071 5
5072 23
5073 19
5074 37
5075 24
5076 20
5077 19
5078 13
5079 38
5080 26
5081 16
5082 3
5083 28
5084 31
5085 39
5086 39
5087 11
5088 20
5089 25
5090 27
5091 37
5092 17
5093 28
5094 13
5095 1
5096 6
5097 32
5098 14
5099 23
5100 34
5101 37
5102 21
5103 7
5104 31
5105 35
5106 7
5107 6
5108 11
5109 12
5110 22
5111 29
5112 6
5113 27
5114 14
5115 38
5116 35
5117 20
5118 37
5119 26
5120 21
5121 17
5122 8
5123 28
5124 13
5125 5
5126 24
5127 3
5128 25
5129 10
5130 24
5131 2
5132 22
5133 19
5134 17
5135 34
5136 18
5137 31
5138 8
5139 32
5140 22
5141 6
5142 30
5143 27
5144 24
5145 24
5146 40
5147 24
5148 2
5149 12
5150 1
5151 7
5152 7
5153 31
5154 3
5155 37
5156 15
5157 24
5158 17
5159 15
5160 27
5161 33
5162 32
5163 17
5164 33
5165 14
5166 8
5167 14
5168 22
5169 37
5170 36
5171 33
5172 15
5173 32
5174 28
5175 33
5176 36
5177 22
5178 22
5179 33
5180 21
5181 19
5182 2
5183 16
5184 25
5185 27
5186 14
5187 30
5188 10
5189 32
5190 16
5191 23
5192 36
5193 17
5194 34
5195 4
5196 15
5197 6
5198 36
5199 11
5200 22
5201 28
5202 5
5203 32
5204 37
5205 26
5206 33
5207 14
5208 14
5209 33
5210 3
5211 21
5212 2
5213 22
5214 34
5215 21
5216 6
5217 27
5218 19
5219 7
5220 19
5221 16
5222 2
5223 32
5224 10
5225 9
5226 5
5227 30
5228 4
5229 7
5230 37
5231 9
5232 9
5233 28
5234 26
5235 19
5236 24
5237 4
5238 5
5239 6
5240 16
5241 12
5242 31
5243 22
5244 32
5245 31
5246 19
5247 17
5248 14
5249 13
5250 2
5251 8
5252 2
5253 37
5254 36
5255 7
5256 38
5257 30
5258 14
5259 17
5260 19
5261 37
5262 16
5263 32
5264 3
5265 28
5266 16
5267 9
5268 23
5269 13
5270 3
5271 15
5272 37
5273 8
5274 21
5275 14
5276 22
5277 8
5278 15
5279 18
5280 17
5281 22
5282 40
5283 5
5284 27
5285 2
5286 32
5287 10
5288 40
5289 30
5290 23
5291 31
5292 12
5293 9
5294 24
5295 2
5296 26
5297 29
5298 38
5299 23
5300 38
5301 27
5302 25
5303 29
5304 12
5305 30
5306 22
5307 7
5308 34
5309 5
5310 31
5311 21
5312 32
5313 7
5314 24
5315 15
5316 39
5317 26
5318 27
5319 29
5320 18
5321 2
5322 39
5323 30
5324 24
5325 13
5326 10
5327 16
5328 38
5329 36
5330 19
5331 34
5332 9
5333 11
5334 4
5335 10
5336 19
5337 5
5338 39
5339 7
5340 6
5341 32
5342 13
5343 7
5344 17
5345 14
5346 32
5347 36
5348 39
5349 14
5350 37
5351 20
5352 34
5353 8
5354 20
5355 22
5356 38
5357 21
5358 26
5359 5
5360 38
5361 23
5362 6
5363 3
5364 3
5365 40
5366 11
5367 34
5368 37
5369 21
5370 16
5371 17
5372 23
5373 24
5374 26
5375 2
5376 16
5377 12
5378 12
5379 8
5380 15
5381 35
5382 22
5383 36
5384 21
5385 17
5386 8
5387 36
5388 31
5389 39
5390 32
5391 7
5392 5
5393 24
5394 11
5395 21
5396 24
5397 2
5398 4
5399 28
5400 34
5401 3
5402 26
5403 22
5404 13
5405 2
5406 8
5407 26
5408 34
5409 11
5410 38
5411 35
5412 25
5413 6
5414 25
5415 5
5416 24
5417 37
5418 5
5419 22
5420 36
5421 3
5422 38
5423 5
5424 23
5425 22
5426 2
5427 21
5428 14
5429 40
5430 33
5431 32
5432 26
5433 31
5434 25
5435 22
5436 32
5437 40
5438 37
5439 6
5440 39
5441 13
5442 10
5443 26
5444 30
5445 35
5446 31
5447 2
5448 33
5449 18
5450 24
5451 10
5452 17
5453 8
5454 24
5455 20
5456 15
5457 3
5458 34
5459 33
5460 12
5461 29
5462 30
5463 3
5464 20
5465 21
5466 12
5467 19
5468 30
5469 3
5470 2
5471 9
5472 9
5473 40
5474 12
5475 36
5476 6
5477 9
5478 22
5479 28
5480 24
5481 36
5482 16
5483 25
5484 1
5485 16
5486 11
5487 37
5488 13
5489 4
5490 12
5491 6
5492 14
5493 18
5494 31
5495 19
5496 2
5497 29
5498 19
5499 27
5500 36
5501 11
5502 7
5503 13
5504 15
5505 27
5506 19
5507 13
5508 23
5509 15
5510 3
5511 15
5512 1
5513 37
5514 6
5515 5
5516 35
5517 31
5518 17
5519 2
5520 6
5521 38
5522 3
5523 9
5524 27
5525 27
5526 6
5527 6
5528 29
5529 34
5530 16
5531 22
5532 15
5533 40
5534 2
5535 31
5536 14
5537 24
5538 5
5539 3
5540 21
5541 28
5542 31
5543 29
5544 25
5545 37
5546 39
5547 19
5548 11
5549 38
5550 34
5551 19
5552 6
5553 3
5554 2
5555 21
5556 3
5557 35
5558 6
5559 23
5560 26
5561 3
5562 25
5563 39
5564 33
5565 24
5566 13
5567 23
5568 39
5569 24
5570 34
5571 32
5572 13
5573 26
5574 12
5575 34
5576 19
5577 9
5578 32
5579 15
5580 6
5581 18
5582 36
5583 31
5584 17
5585 26
5586 15
5587 20
5588 5
5589 12
5590 6
5591 23
5592 19
5593 15
5594 19
5595 32
5596 2
5597 2
5598 15
5599 39
5600 20
5601 20
5602 9
5603 12
5604 34
5605 9
5606 31
5607 28
5608 27
5609 31
5610 11
5611 39
5612 18
5613 11
5614 13
5615 30
5616 37
5617 1
5618 15
5619 8
5620 27
5621 16
5622 1
5623 8
5624 19
5625 38
5626 15
5627 34
5628 40
5629 13
5630 19
5631 26
5632 37
5633 17
5634 2
5635 17
5636 21
5637 38
5638 31
5639 27
5640 9
5641 2
5642 19
5643 3
5644 34
5645 2
5646 12
5647 29
5648 38
5649 20
5650 10
5651 39
5652 23
5653 40
5654 40
5655 9
5656 20
5657 28
5658 2
5659 28
5660 2
5661 21
5662 17
5663 32
5664 4
5665 36
5666 30
5667 14
5668 33
5669 39
5670 15
5671 20
5672 19
5673 29
5674 28
5675 34
5676 3
5677 14
5678 30
5679 25
5680 18
5681 23
5682 38
5683 27
5684 9
5685 21
5686 19
5687 24
5688 33
5689 1
5690 32
5691 8
5692 3
5693 7
5694 19
5695 27
5696 28
5697 40
5698 10
5699 13
5700 8
5701 11
5702 23
5703 38
5704 10
5705 26
5706 21
5707 5
5708 35
5709 9
5710 21
5711 38
5712 36
5713 39
5714 20
5715 38
5716 15
5717 20
5718 4
5719 28
5720 11
5721 10
5722 9
5723 4
5724 36
5725 18
5726 4
5727 31
5728 32
5729 22
5730 18
5731 18
5732 21
5733 39
5734 3
5735 29
5736 20
5737 31
5738 14
5739 28
5740 7
5741 21
5742 9
5743 35
5744 19
5745 4
5746 12
5747 39
5748 19
5749 37
5750 9
5751 11
5752 7
5753 16
5754 23
5755 4
5756 7
5757 25
5758 1
5759 24
5760 3
5761 10
5762 34
5763 16
5764 36
5765 4
5766 29
5767 3
5768 13
5769 31
5770 30
5771 15
5772 15
5773 13
5774 17
5775 2
5776 7
5777 13
5778 24
5779 35
5780 5
5781 19
5782 8
5783 39
5784 20
5785 40
5786 32
5787 21
5788 28
5789 36
5790 6
5791 18
5792 8
5793 13
5794 30
5795 11
5796 40
5797 12
5798 24
5799 9
5800 34
5801 17
5802 10
5803 34
5804 5
5805 23
5806 8
5807 38
5808 12
5809 18
5810 20
5811 28
5812 34
5813 39
5814 19
5815 35
5816 9
5817 14
5818 12
5819 15
5820 24
5821 36
5822 6
5823 19
5824 21
5825 27
5826 31
5827 27
5828 4
5829 12
5830 17
5831 32
5832 31
5833 11
5834 2
5835 1
5836 27
5837 28
5838 7
5839 4
5840 11
5841 6
5842 36
5843 36
5844 31
5845 36
5846 10
5847 7
5848 20
5849 39
5850 8
5851 5
5852 10
5853 35
5854 20
5855 17
5856 10
5857 2
5858 25
5859 7
5860 3
5861 12
5862 10
5863 18
5864 24
5865 19
5866 32
5867 30
5868 34
5869 3
5870 28
5871 12
5872 19
5873 21
5874 11
5875 7
5876 23
5877 36
5878 20
5879 6
5880 24
5881 18
5882 18
5883 2
5884 19
5885 25
5886 9
5887 8
5888 7
5889 26
5890 24
5891 11
5892 22
5893 37
5894 24
5895 28
5896 27
5897 16
5898 26
5899 8
5900 14
5901 37
5902 33
5903 29
5904 5
5905 20
5906 21
5907 38
5908 29
5909 3
5910 35
5911 22
5912 20
5913 36
5914 4
5915 14
5916 28
5917 15
5918 37
5919 7
5920 1
5921 24
5922 20
5923 5
5924 37
5925 26
5926 26
5927 39
5928 32
5929 7
5930 7
5931 30
5932 1
5933 10
5934 20
5935 2
5936 5
5937 13
5938 4
5939 28
5940 36
5941 9
5942 6
5943 15
5944 16
5945 27
5946 19
5947 39
5948 10
5949 37
5950 37
5951 17
5952 11
5953 5
5954 30
5955 35
5956 8
5957 31
5958 28
5959 1
5960 7
5961 19
5962 31
5963 39
5964 25
5965 10
5966 25
5967 20
5968 10
5969 6
5970 11
5971 28
5972 17
5973 15
5974 18
5975 1
5976 3
5977 29
5978 23
5979 28
5980 39
5981 36
5982 22
5983 20
5984 11
5985 24
5986 30
5987 20
5988 9
5989 34
5990 12
5991 3
5992 19
5993 20
5994 10
5995 10
5996 17
5997 23
5998 20
5999 28
6000 10
6001 19
6002 39
6003 25
6004 18
6005 33
6006 9
6007 7
6008 5
6009 9
6010 39
6011 2
6012 6
6013 15
6014 22
6015 9
6016 25
6017 32
6018 30
6019 33
6020 13
6021 12
6022 1
6023 5
6024 26
6025 8
6026 28
6027 11
6028 23
6029 38
6030 23
6031 20
6032 23
6033 18
6034 1
6035 28
6036 36
6037 17
6038 19
6039 10
6040 31
6041 32
6042 2
6043 6
6044 33
6045 5
6046 34
6047 16
6048 13
6049 30
6050 35
6051 25
6052 5
6053 33
6054 21
6055 9
6056 29
6057 29
6058 29
6059 14
6060 37
6061 2
6062 38
6063 7
6064 40
6065 33
6066 13
6067 36
6068 11
6069 25
6070 37
6071 38
6072 3
6073 8
6074 32
6075 9
6076 40
6077 7
6078 36
6079 15
6080 39
6081 5
6082 28
6083 21
6084 11
6085 37
6086 11
6087 18
6088 24
6089 10
6090 27
6091 16
6092 32
6093 19
6094 8
6095 13
6096 4
6097 28
6098 6
6099 2
6100 10
6101 23
6102 40
6103 33
6104 38
6105 9
6106 16
6107 9
6108 40
6109 21
6110 40
6111 22
6112 18
6113 26
6114 11
6115 5
6116 12
6117 26
6118 20
6119 4
6120 29
6121 34
6122 29
6123 2
6124 38
6125 9
6126 20
6127 13
6128 30
6129 6
6130 22
6131 40
6132 4
6133 8
6134 34
6135 30
6136 2
6137 31
6138 23
6139 19
6140 30
6141 14
6142 24
6143 12
6144 8
6145 9
6146 31
6147 38
6148 36
6149 12
6150 27
6151 8
6152 37
6153 21
6154 30
6155 31
6156 15
6157 10
6158 25
6159 26
6160 17
6161 37
6162 8
6163 31
6164 28
6165 22
6166 12
6167 39
6168 24
6169 38
6170 5
6171 16
6172 33
6173 36
6174 28
6175 9
6176 28
6177 3
6178 17
6179 27
6180 38
6181 6
6182 14
6183 25
6184 21
6185 1
6186 25
6187 29
6188 24
6189 33
6190 15
6191 6
6192 31
6193 16
6194 27
6195 7
6196 6
6197 8
6198 28
6199 31
6200 34
6201 31
6202 10
6203 24
6204 38
6205 8
6206 32
6207 6
6208 15
6209 28
6210 11
6211 30
6212 20
6213 8
6214 36
6215 3
6216 13
6217 22
6218 21
6219 21
6220 13
6221 8
6222 33
6223 32
6224 31
6225 27
6226 20
6227 22
6228 37
6229 15
6230 35
6231 3
6232 3
6233 32
6234 26
6235 29
6236 33
6237 22
6238 10
6239 25
6240 29
6241 16
6242 5
6243 5
6244 4
6245 40
6246 25
6247 11
6248 25
6249 5
6250 32
6251 11
6252 26
6253 13
6254 23
6255 25
6256 37
6257 10
6258 21
6259 2
6260 7
6261 29
6262 39
6263 24
6264 37
6265 21
6266 27
6267 16
6268 29
6269 9
6270 30
6271 22
6272 23
6273 14
6274 31
6275 36
6276 37
6277 16
6278 35
6279 19
6280 32
6281 38
6282 8
6283 29
6284 25
6285 27
6286 24
6287 12
6288 4
6289 32
6290 25
6291 21
6292 19
6293 39
6294 39
6295 20
6296 36
6297 27
6298 5
6299 24
6300 13
6301 22
6302 7
6303 19
6304 20
6305 21
6306 31
6307 13
6308 8
6309 39
6310 30
6311 13
6312 29
6313 25
6314 9
6315 15
6316 27
6317 13
6318 12
6319 5
6320 29
6321 21
6322 28
6323 39
6324 16
6325 36
6326 22
6327 27
6328 16
6329 29
6330 20
6331 25
6332 34
6333 22
6334 2
6335 11
6336 11
6337 13
6338 25
6339 9
6340 34
6341 34
6342 4
6343 34
6344 15
6345 18
6346 2
6347 22
6348 30
6349 33
6350 30
6351 36
6352 3
6353 9
6354 39
6355 7
6356 26
6357 11
6358 2
6359 33
6360 9
6361 1
6362 9
6363 32
6364 15
6365 36
6366 11
6367 38
6368 13
6369 40
6370 25
6371 31
6372 21
6373 38
6374 3
6375 36
6376 30
6377 19
6378 27
6379 29
6380 7
6381 4
6382 27
6383 3
6384 17
6385 8
6386 36
6387 31
6388 34
6389 2
6390 5
6391 32
6392 35
6393 2
6394 29
6395 33
6396 30
6397 29
6398 7
6399 8
6400 10
6401 15
6402 19
6403 39
6404 38
6405 10
6406 33
6407 4
6408 24
6409 20
6410 35
6411 26
6412 22
6413 19
6414 39
6415 12
6416 25
6417 29
6418 34
6419 6
6420 2
6421 14
6422 37
6423 13
6424 36
6425 12
6426 15
6427 14
6428 2
6429 10
6430 14
6431 6
6432 36
6433 11
6434 2
6435 31
6436 16
6437 12
6438 4
6439 27
6440 33
6441 17
6442 20
6443 19
6444 12
6445 39
6446 9
6447 33
6448 19
6449 23
6450 34
6451 5
6452 22
6453 35
6454 10
6455 6
6456 6
6457 26
6458 29
6459 5
6460 19
6461 33
6462 23
6463 5
6464 25
6465 4
6466 20
6467 11
6468 23
6469 5
6470 38
6471 22
6472 35
6473 34
6474 31
6475 15
6476 31
6477 27
6478 27
6479 31
6480 19
6481 20
6482 26
6483 6
6484 29
6485 7
6486 8
6487 3
6488 27
6489 40
6490 39
6491 16
6492 35
6493 14
6494 30
6495 23
6496 23
6497 35
6498 32
6499 36
6500 39
6501 23
6502 9
6503 22
6504 35
6505 12
6506 36
6507 20
6508 7
6509 11
6510 23
6511 12
6512 33
6513 38
6514 27
6515 36
6516 19
6517 2
6518 38
6519 13
6520 28
6521 14
6522 22
6523 31
6524 20
6525 30
6526 14
6527 28
6528 18
6529 4
6530 10
6531 24
6532 21
6533 22
6534 24
6535 7
6536 32
6537 16
6538 12
6539 19
6540 16
6541 4
6542 7
6543 6
6544 33
6545 30
6546 3
6547 27
6548 32
6549 12
6550 34
6551 26
6552 7
6553 15
6554 35
6555 9
6556 25
6557 9
6558 2
6559 32
6560 9
6561 14
6562 17
6563 2
6564 23
6565 39
6566 32
6567 27
6568 24
6569 20
6570 28
6571 4
6572 6
6573 18
6574 26
6575 35
6576 12
6577 13
6578 36
6579 19
6580 10
6581 22
6582 16
6583 27
6584 30
6585 28
6586 37
6587 17
6588 40
6589 33
6590 33
6591 35
6592 9
6593 6
6594 15
6595 37
6596 14
6597 39
6598 29
6599 3
6600 31
6601 20
6602 39
6603 32
6604 9
6605 18
6606 26
6607 22
6608 29
6609 6
6610 1
6611 30
6612 40
6613 40
6614 27
6615 31
6616 14
6617 13
6618 18
6619 6
6620 38
6621 20
6622 14
6623 21
6624 16
6625 17
6626 37
6627 29
6628 18
6629 6
6630 32
6631 33
6632 21
6633 8
6634 33
6635 11
6636 38
6637 6
6638 23
6639 8
6640 36
6641 2
6642 34
6643 34
6644 13
6645 36
6646 33
6647 13
6648 24
6649 13
6650 13
6651 19
6652 32
6653 5
6654 22
6655 19
6656 37
6657 8
6658 28
6659 28
6660 35
6661 14
6662 12
6663 8
6664 27
6665 29
6666 7
6667 18
6668 24
6669 19
6670 12
6671 38
6672 16
6673 17
6674 13
6675 3
6676 36
6677 2
6678 17
6679 25
6680 5
6681 25
6682 5
6683 6
6684 14
6685 35
6686 29
6687 17
6688 35
6689 23
6690 9
6691 6
6692 2
6693 35
6694 5
6695 27
6696 26
6697 15
6698 38
6699 2
6700 33
6701 27
6702 4
6703 37
6704 21
6705 32
6706 9
6707 29
6708 11
6709 35
6710 2
6711 29
6712 11
6713 18
6714 1
6715 34
6716 25
6717 28
6718 9
6719 3
6720 5
6721 5
6722 14
6723 5
6724 25
6725 39
6726 1
6727 25
6728 12
6729 13
6730 11
6731 35
6732 11
6733 19
6734 11
6735 2
6736 2
6737 6
6738 25
6739 37
6740 36
6741 2
6742 27
6743 9
6744 28
6745 38
6746 32
6747 29
6748 38
6749 2
6750 32
6751 5
6752 2
6753 14
6754 20
6755 20
6756 15
6757 6
6758 37
6759 2
6760 9
6761 31
6762 9
6763 30
6764 25
6765 31
6766 26
6767 4
6768 38
6769 20
6770 34
6771 4
6772 10
6773 36
6774 30
6775 21
6776 7
6777 31
6778 38
6779 34
6780 22
6781 37
6782 27
6783 6
6784 2
6785 11
6786 14
6787 21
6788 32
6789 8
6790 14
6791 26
6792 11
6793 14
6794 30
6795 36
6796 22
6797 7
6798 38
6799 38
6800 10
6801 1
6802 8
6803 11
6804 7
6805 30
6806 5
6807 34
6808 38
6809 32
6810 21
6811 2
6812 20
6813 34
6814 13
6815 25
6816 20
6817 13
6818 37
6819 20
6820 31
6821 11
6822 17
6823 17
6824 29
6825 39
6826 17
6827 9
6828 12
6829 13
6830 30
6831 6
6832 27
6833 25
6834 3
6835 29
6836 8
6837 11
6838 37
6839 40
6840 24
6841 38
6842 28
6843 26
6844 29
6845 28
6846 34
6847 19
6848 14
6849 4
6850 7
6851 12
6852 35
6853 8
6854 15
6855 24
6856 37
6857 29
6858 37
6859 17
6860 26
6861 3
6862 2
6863 1
6864 7
6865 19
6866 31
6867 38
6868 17
6869 28
6870 36
6871 11
6872 6
6873 36
6874 17
6875 40
6876 10
6877 17
6878 4
6879 24
6880 37
6881 24
6882 8
6883 7
6884 36
6885 36
6886 12
6887 31
6888 32
6889 33
6890 16
6891 11
6892 27
6893 5
6894 35
6895 33
6896 18
6897 2
6898 25
6899 31
6900 7
6901 22
6902 19
6903 16
6904 21
6905 18
6906 33
6907 9
6908 2
6909 35
6910 3
6911 32
6912 20
6913 8
6914 38
6915 28
6916 12
6917 36
6918 5
6919 15
6920 11
6921 39
6922 37
6923 38
6924 38
6925 35
6926 22
6927 38
6928 9
6929 38
6930 14
6931 10
6932 22
6933 14
6934 23
6935 21
6936 18
6937 13
6938 19
6939 2
6940 13
6941 14
6942 3
6943 29
6944 25
6945 37
6946 20
6947 35
6948 16
6949 5
6950 22
6951 36
6952 19
6953 15
6954 36
6955 37
6956 22
6957 2
6958 9
6959 34
6960 33
6961 39
6962 8
6963 34
6964 36
6965 12
6966 31
6967 7
6968 10
6969 12
6970 34
6971 18
6972 24
6973 37
6974 16
6975 27
6976 14
6977 7
6978 20
6979 15
6980 19
6981 32
6982 40
6983 28
6984 28
6985 6
6986 6
6987 35
6988 39
6989 25
6990 34
6991 36
6992 20
6993 9
6994 39
6995 22
6996 17
6997 23
6998 4
6999 17
7000 10
7001 24
7002 2
7003 20
7004 1
7005 2
7006 28
7007 25
7008 16
7009 21
7010 9
7011 9
7012 22
7013 9
7014 32
7015 34
7016 17
7017 4
7018 11
7019 34
7020 12
7021 30
7022 30
7023 34
7024 23
7025 2
7026 39
7027 5
7028 3
7029 7
7030 18
7031 13
7032 27
7033 4
7034 33
7035 11
7036 34
7037 6
7038 19
7039 26
7040 19
7041 13
7042 18
7043 30
7044 8
7045 34
7046 5
7047 12
7048 15
7049 35
7050 5
7051 37
7052 24
7053 7
7054 26
7055 21
7056 12
7057 10
7058 37
7059 18
7060 28
7061 8
7062 33
7063 38
7064 28
7065 2
7066 15
7067 32
7068 9
7069 9
7070 4
7071 4
7072 9
7073 21
7074 16
7075 14
7076 35
7077 39
7078 20
7079 35
7080 18
7081 30
7082 29
7083 8
7084 29
7085 10
7086 29
7087 35
7088 22
7089 11
7090 10
7091 33
7092 7
7093 28
7094 2
7095 23
7096 19
7097 2
7098 38
7099 3
7100 39
7101 19
7102 27
7103 1
7104 31
7105 40
7106 19
7107 37
7108 28
7109 26
7110 28
7111 7
7112 24
7113 32
7114 11
7115 33
7116 30
7117 4
7118 38
7119 22
7120 13
7121 23
7122 25
7123 14
7124 16
7125 36
7126 2
7127 20
7128 27
7129 40
7130 3
7131 10
7132 22
7133 28
7134 16
7135 13
7136 28
7137 22
7138 20
7139 2
7140 15
7141 9
7142 35
7143 33
7144 28
7145 30
7146 16
7147 36
7148 28
7149 27
7150 6
7151 17
7152 28
7153 1
7154 39
7155 6
7156 22
7157 5
7158 29
7159 26
7160 18
7161 29
7162 12
7163 12
7164 26
7165 10
7166 4
7167 14
7168 36
7169 7
7170 16
7171 17
7172 18
7173 17
7174 33
7175 36
7176 24
7177 18
7178 12
7179 12
7180 19
7181 21
7182 20
7183 5
7184 22
7185 30
7186 39
7187 11
7188 3
7189 30
7190 28
7191 2
7192 10
7193 31
7194 27
7195 30
7196 28
7197 5
7198 10
7199 34
7200 39
7201 21
7202 34
7203 4
7204 18
7205 8
7206 35
7207 5
7208 34
7209 6
7210 33
7211 8
7212 34
7213 26
7214 24
7215 33
7216 14
7217 22
7218 19
7219 12
7220 12
7221 30
7222 3
7223 5
7224 9
7225 18
7226 13
7227 6
7228 24
7229 13
7230 22
7231 23
7232 29
7233 39
7234 3
7235 33
7236 14
7237 38
7238 39
7239 6
7240 22
7241 11
7242 6
7243 10
7244 26
7245 36
7246 11
7247 11
7248 15
7249 30
7250 34
7251 21
7252 31
7253 39
7254 31
7255 19
7256 18
7257 11
7258 9
7259 31
7260 12
7261 30
7262 9
7263 35
7264 28
7265 8
7266 19
7267 29
7268 34
7269 32
7270 27
7271 35
7272 29
7273 25
7274 5
7275 23
7276 20
7277 30
7278 23
7279 26
7280 39
7281 34
7282 36
7283 37
7284 35
7285 35
7286 7
7287 18
7288 18
7289 24
7290 3
7291 15
7292 17
7293 23
7294 3
7295 23
7296 10
7297 30
7298 15
7299 14
7300 5
7301 33
7302 39
7303 24
7304 9
7305 38
7306 31
7307 37
7308 12
7309 13
7310 15
7311 9
7312 18
7313 8
7314 18
7315 35
7316 29
7317 4
7318 3
7319 20
7320 32
7321 17
7322 20
7323 20
7324 22
7325 15
7326 24
7327 1
7328 3
7329 9
7330 9
7331 39
7332 39
7333 16
7334 4
7335 8
7336 3
7337 5
7338 17
7339 27
7340 37
7341 2
7342 31
7343 22
7344 38
7345 3
7346 27
7347 18
7348 34
7349 21
7350 33
7351 14
7352 16
7353 11
7354 3
7355 24
7356 29
7357 16
7358 29
7359 31
7360 20
7361 21
7362 5
7363 18
7364 18
7365 4
7366 31
7367 5
7368 24
7369 8
7370 34
7371 24
7372 4
7373 35
7374 35
7375 19
7376 27
7377 23
7378 8
7379 22
7380 10
7381 29
7382 22
7383 16
7384 25
7385 24
7386 24
7387 7
7388 12
7389 18
7390 22
7391 31
7392 40
7393 31
7394 13
7395 35
7396 23
7397 11
7398 19
7399 6
7400 38
7401 15
7402 36
7403 5
7404 16
7405 6
7406 40
7407 5
7408 14
7409 8
7410 3
7411 30
7412 29
7413 20
7414 22
7415 34
7416 32
7417 9
7418 11
7419 30
7420 25
7421 26
7422 25
7423 28
7424 32
7425 6
7426 29
7427 25
7428 40
7429 23
7430 40
7431 28
7432 15
7433 20
7434 26
7435 29
7436 6
7437 4
7438 38
7439 9
7440 31
7441 22
7442 33
7443 33
7444 38
7445 31
7446 37
7447 13
7448 18
7449 16
7450 23
7451 19
7452 39
7453 32
7454 34
7455 15
7456 21
7457 24
7458 22
7459 16
7460 11
7461 3
7462 9
7463 25
7464 26
7465 22
7466 25
7467 10
7468 15
7469 28
7470 8
7471 16
7472 5
7473 6
7474 35
7475 13
7476 13
7477 31
7478 28
7479 10
7480 3
7481 30
7482 25
7483 16
7484 7
7485 39
7486 15
7487 26
7488 33
7489 14
7490 15
7491 9
7492 6
7493 29
7494 25
7495 21
7496 28
7497 22
7498 22
7499 32
7500 10
7501 14
7502 9
7503 18
7504 39
7505 28
7506 35
7507 5
7508 18
7509 13
7510 5
7511 2
7512 36
7513 40
7514 10
7515 23
7516 36
7517 7
7518 39
7519 17
7520 22
7521 33
7522 40
7523 25
7524 16
7525 39
7526 2
7527 5
7528 5
7529 29
7530 29
7531 19
7532 18
7533 29
7534 27
7535 12
7536 20
7537 2
7538 8
7539 24
7540 29
7541 2
7542 2
7543 37
7544 4
7545 7
7546 24
7547 1
7548 15
7549 34
7550 9
7551 25
7552 29
7553 29
7554 25
7555 30
7556 9
7557 11
7558 7
7559 21
7560 39
7561 9
7562 28
7563 12
7564 40
7565 11
7566 39
7567 6
7568 26
7569 19
7570 32
7571 30
7572 2
7573 10
7574 32
7575 36
7576 4
7577 24
7578 36
7579 8
7580 24
7581 6
7582 26
7583 9
7584 7
7585 23
7586 36
7587 11
7588 12
7589 37
7590 13
7591 11
7592 40
7593 11
7594 21
7595 33
7596 22
7597 30
7598 27
7599 16
7600 25
7601 32
7602 30
7603 29
7604 26
7605 17
7606 9
7607 18
7608 30
7609 18
7610 3
7611 23
7612 34
7613 11
7614 20
7615 28
7616 39
7617 26
7618 34
7619 4
7620 19
7621 6
7622 11
7623 13
7624 21
7625 7
7626 39
7627 30
7628 14
7629 11
7630 13
7631 28
7632 32
7633 30
7634 25
7635 16
7636 40
7637 25
7638 3
7639 15
7640 33
7641 30
7642 31
7643 23
7644 32
7645 28
7646 9
7647 32
7648 10
7649 24
7650 14
7651 39
7652 21
7653 12
7654 7
7655 9
7656 31
7657 2
7658 34
7659 7
7660 32
7661 1
7662 27
7663 15
7664 40
7665 33
7666 37
7667 33
7668 8
7669 32
7670 16
7671 26
7672 3
7673 26
7674 39
7675 16
7676 30
7677 36
7678 21
7679 15
7680 24
7681 12
7682 28
7683 16
7684 12
7685 32
7686 2
7687 19
7688 39
7689 19
7690 33
7691 18
7692 15
7693 25
7694 10
7695 10
7696 10
7697 11
7698 27
7699 10
7700 38
7701 5
7702 7
7703 32
7704 23
7705 23
7706 34
7707 18
7708 19
7709 4
7710 1
7711 2
7712 28
7713 19
7714 5
7715 19
7716 35
7717 16
7718 13
7719 9
7720 22
7721 18
7722 28
7723 23
7724 28
7725 11
7726 25
7727 32
7728 16
7729 4
7730 14
7731 21
7732 21
7733 30
7734 26
7735 14
7736 19
7737 19
7738 39
7739 10
7740 26
7741 22
7742 34
7743 22
7744 37
7745 2
7746 8
7747 19
7748 15
7749 16
7750 16
7751 34
7752 7
7753 16
7754 4
7755 8
7756 5
7757 12
7758 23
7759 20
7760 23
7761 32
7762 15
7763 12
7764 10
7765 26
7766 26
7767 38
7768 16
7769 20
7770 38
7771 29
7772 16
7773 20
7774 28
7775 3
7776 12
7777 5
7778 26
7779 26
7780 31
7781 37
7782 7
7783 19
7784 26
7785 28
7786 29
7787 9
7788 10
7789 26
7790 18
7791 10
7792 34
7793 18
7794 27
7795 8
7796 16
7797 32
7798 10
7799 28
7800 11
7801 40
7802 36
7803 29
7804 27
7805 27
7806 23
7807 28
7808 36
7809 35
7810 16
7811 36
7812 18
7813 37
7814 20
7815 35
7816 22
7817 26
7818 25
7819 20
7820 16
7821 26
7822 39
7823 3
7824 4
7825 29
7826 12
7827 9
7828 29
7829 8
7830 35
7831 33
7832 16
7833 32
7834 37
7835 4
7836 10
7837 26
7838 7
7839 32
7840 21
7841 28
7842 38
7843 35
7844 35
7845 16
7846 33
7847 25
7848 27
7849 22
7850 10
7851 3
7852 25
7853 20
7854 16
7855 22
7856 29
7857 10
7858 37
7859 25
7860 29
7861 15
7862 17
7863 3
7864 26
7865 12
7866 17
7867 20
7868 38
7869 40
7870 6
7871 5
7872 2
7873 10
7874 14
7875 39
7876 16
7877 36
7878 2
7879 37
7880 14
7881 19
7882 28
7883 6
7884 6
7885 34
7886 36
7887 17
7888 1
7889 25
7890 6
7891 9
7892 6
7893 3
7894 8
7895 25
7896 25
7897 12
7898 27
7899 37
7900 8
7901 24
7902 28
7903 13
7904 28
7905 11
7906 32
7907 28
7908 40
7909 40
7910 5
7911 19
7912 13
7913 13
7914 5
7915 13
7916 13
7917 6
7918 13
7919 4
7920 38
7921 39
7922 15
7923 22
7924 2
7925 28
7926 23
7927 39
7928 29
7929 7
7930 30
7931 19
7932 35
7933 40
7934 29
7935 6
7936 35
7937 39
7938 16
7939 39
7940 16
7941 10
7942 37
7943 15
7944 19
7945 29
7946 35
7947 27
7948 15
7949 4
7950 36
7951 13
7952 31
7953 27
7954 10
7955 4
7956 17
7957 10
7958 26
7959 12
7960 6
7961 26
7962 28
7963 18
7964 38
7965 15
7966 16
7967 14
7968 20
7969 28
7970 4
7971 17
7972 19
7973 33
7974 20
7975 36
7976 9
7977 8
7978 37
7979 37
7980 3
7981 8
7982 11
7983 14
7984 8
7985 29
7986 29
7987 34
7988 35
7989 4
7990 17
7991 37
7992 11
7993 23
7994 30
7995 4
7996 8
7997 11
7998 7
7999 23
8000 37
8001 25
8002 40
8003 17
8004 24
8005 9
8006 8
8007 39
8008 27
8009 14
8010 32
8011 27
8012 38
8013 10
8014 5
8015 24
8016 5
8017 8
8018 24
8019 13
8020 33
8021 18
8022 3
8023 28
8024 32
8025 7
8026 24
8027 5
8028 36
8029 20
8030 17
8031 36
8032 22
8033 18
8034 3
8035 2
8036 37
8037 5
8038 13
8039 15
8040 25
8041 19
8042 28
8043 39
8044 24
8045 5
8046 10
8047 17
8048 22
8049 10
8050 5
8051 2
8052 8
8053 13
8054 22
8055 36
8056 4
8057 33
8058 36
8059 26
8060 14
8061 24
8062 12
8063 5
8064 25
8065 32
8066 23
8067 5
8068 12
8069 6
8070 2
8071 25
8072 7
8073 13
8074 24
8075 40
8076 24
8077 11
8078 18
8079 3
8080 29
8081 4
8082 15
8083 13
8084 12
8085 28
8086 32
8087 11
8088 2
8089 3
8090 27
8091 36
8092 26
8093 7
8094 29
8095 6
8096 20
8097 26
8098 10
8099 26
8100 13
8101 26
8102 25
8103 39
8104 9
8105 25
8106 24
8107 6
8108 28
8109 32
8110 18
8111 22
8112 20
8113 35
8114 26
8115 37
8116 24
8117 18
8118 17
8119 30
8120 13
8121 29
8122 37
8123 23
8124 10
8125 20
8126 30
8127 10
8128 34
8129 20
8130 2
8131 35
8132 33
8133 12
8134 17
8135 23
8136 7
8137 36
8138 2
8139 30
8140 26
8141 28
8142 14
8143 12
8144 3
8145 34
8146 27
8147 38
8148 20
8149 33
8150 27
8151 11
8152 13
8153 34
8154 15
8155 33
8156 33
8157 6
8158 24
8159 32
8160 31
8161 23
8162 33
8163 21
8164 18
8165 17
8166 19
8167 34
8168 14
8169 34
8170 17
8171 7
8172 19
8173 8
8174 6
8175 39
8176 9
8177 36
8178 18
8179 20
8180 19
8181 36
8182 26
8183 17
8184 28
8185 34
8186 18
8187 27
8188 17
8189 33
8190 15
8191 19
8192 27
8193 38
8194 3
8195 18
8196 19
8197 18
8198 32
8199 18
8200 8
8201 40
8202 31
8203 2
8204 16
8205 26
8206 30
8207 23
8208 36
8209 24
8210 7
8211 19
8212 34
8213 6
8214 19
8215 28
8216 36
8217 16
8218 5
8219 14
8220 19
8221 15
8222 35
8223 17
8224 4
8225 3
8226 34
8227 35
8228 5
8229 16
8230 23
8231 39
8232 16
8233 21
8234 11
8235 27
8236 29
8237 20
8238 7
8239 6
8240 7
8241 18
8242 4
8243 7
8244 19
8245 25
8246 25
8247 36
8248 33
8249 23
8250 21
8251 12
8252 20
8253 3
8254 4
8255 30
8256 10
8257 37
8258 20
8259 7
8260 15
8261 25
8262 34
8263 7
8264 17
8265 24
8266 16
8267 23
8268 11
8269 2
8270 13
8271 24
8272 27
8273 10
8274 9
8275 11
8276 24
8277 39
8278 31
8279 28
8280 21
8281 25
8282 19
8283 23
8284 20
8285 39
8286 27
8287 2
8288 31
8289 26
8290 10
8291 31
8292 26
8293 27
8294 38
8295 40
8296 24
8297 5
8298 20
8299 29
8300 5
8301 20
8302 6
8303 5
8304 12
8305 30
8306 32
8307 34
8308 30
8309 18
8310 8
8311 35
8312 30
8313 34
8314 35
8315 8
8316 34
8317 19
8318 28
8319 7
8320 6
8321 7
8322 34
8323 30
8324 16
8325 16
8326 26
8327 35
8328 11
8329 10
8330 18
8331 1
8332 2
8333 15
8334 20
8335 26
8336 7
8337 18
8338 38
8339 37
8340 21
8341 26
8342 33
8343 18
8344 32
8345 35
8346 34
8347 23
8348 16
8349 30
8350 40
8351 37
8352 8
8353 32
8354 23
8355 10
8356 34
8357 39
8358 28
8359 4
8360 14
8361 33
8362 18
8363 6
8364 29
8365 1
8366 24
8367 26
8368 24
8369 16
8370 35
8371 17
8372 7
8373 12
8374 3
8375 33
8376 36
8377 14
8378 14
8379 27
8380 5
8381 8
8382 20
8383 27
8384 16
8385 8
8386 16
8387 23
8388 18
8389 34
8390 39
8391 26
8392 10
8393 30
8394 27
8395 15
8396 29
8397 39
8398 19
8399 15
8400 9
8401 21
8402 20
8403 7
8404 15
8405 18
8406 25
8407 11
8408 39
8409 13
8410 37
8411 13
8412 34
8413 6
8414 26
8415 25
8416 10
8417 3
8418 40
8419 7
8420 25
8421 33
8422 24
8423 9
8424 20
8425 19
8426 3
8427 7
8428 22
8429 11
8430 23
8431 14
8432 5
8433 36
8434 39
8435 16
8436 30
8437 9
8438 22
8439 27
8440 5
8441 13
8442 25
8443 7
8444 4
8445 5
8446 30
8447 14
8448 10
8449 18
8450 18
8451 4
8452 17
8453 36
8454 19
8455 36
8456 27
8457 12
8458 14
8459 23
8460 26
8461 21
8462 25
8463 20
8464 4
8465 20
8466 25
8467 7
8468 14
8469 31
8470 5
8471 22
8472 24
8473 19
8474 11
8475 5
8476 22
8477 5
8478 9
8479 38
8480 2
8481 13
8482 13
8483 29
8484 20
8485 5
8486 25
8487 29
8488 18
8489 5
8490 18
8491 12
8492 36
8493 19
8494 30
8495 27
8496 40
8497 10
8498 29
8499 39
8500 7
8501 1
8502 23
8503 3
8504 33
8505 40
8506 31
8507 12
8508 30
8509 11
8510 10
8511 18
8512 35
8513 17
8514 39
8515 9
8516 6
8517 3
8518 22
8519 24
8520 15
8521 11
8522 33
8523 37
8524 38
8525 3
8526 39
8527 9
8528 36
8529 32
8530 31
8531 23
8532 29
8533 20
8534 11
8535 13
8536 9
8537 2
8538 39
8539 27
8540 7
8541 26
8542 11
8543 16
8544 14
8545 13
8546 13
8547 12
8548 35
8549 17
8550 18
8551 36
8552 14
8553 31
8554 10
8555 12
8556 12
8557 14
8558 20
8559 14
8560 10
8561 29
8562 38
8563 17
8564 14
8565 8
8566 28
8567 3
8568 1
8569 40
8570 4
8571 22
8572 11
8573 3
8574 27
8575 30
8576 38
8577 5
8578 25
8579 16
8580 13
8581 5
8582 29
8583 8
8584 24
8585 4
8586 3
8587 13
8588 32
8589 26
8590 27
8591 29
8592 1
8593 12
8594 35
8595 32
8596 35
8597 10
8598 37
8599 22
8600 29
8601 26
8602 11
8603 13
8604 27
8605 4
8606 29
8607 5
8608 34
8609 24
8610 14
8611 10
8612 4
8613 20
8614 31
8615 16
8616 9
8617 35
8618 31
8619 16
8620 6
8621 28
8622 20
8623 7
8624 37
8625 1
8626 25
8627 2
8628 21
8629 32
8630 6
8631 8
8632 34
8633 12
8634 14
8635 2
8636 30
8637 15
8638 30
8639 22
8640 24
8641 28
8642 38
8643 29
8644 29
8645 11
8646 35
8647 5
8648 37
8649 23
8650 20
8651 21
8652 36
8653 23
8654 14
8655 2
8656 20
8657 26
8658 21
8659 27
8660 1
8661 6
8662 13
8663 34
8664 27
8665 39
8666 8
8667 25
8668 7
8669 17
8670 29
8671 38
8672 5
8673 24
8674 37
8675 9
8676 29
8677 27
8678 6
8679 5
8680 13
8681 17
8682 38
8683 25
8684 3
8685 32
8686 35
8687 29
8688 3
8689 39
8690 33
8691 37
8692 3
8693 11
8694 31
8695 11
8696 24
8697 23
8698 18
8699 13
8700 14
8701 24
8702 36
8703 34
8704 34
8705 28
8706 26
8707 35
8708 30
8709 23
8710 27
8711 16
8712 35
8713 22
8714 40
8715 8
8716 28
8717 15
8718 22
8719 36
8720 28
8721 31
8722 26
8723 19
8724 17
8725 27
8726 34
8727 19
8728 23
8729 4
8730 7
8731 31
8732 39
8733 18
8734 7
8735 28
8736 11
8737 23
8738 32
8739 22
8740 8
8741 28
8742 8
8743 6
8744 25
8745 29
8746 26
8747 10
8748 29
8749 8
8750 20
8751 8
8752 23
8753 34
8754 28
8755 23
8756 4
8757 17
8758 8
8759 5
8760 35
8761 39
8762 35
8763 37
8764 15
8765 34
8766 31
8767 4
8768 7
8769 38
8770 40
8771 34
8772 32
8773 18
8774 39
8775 3
8776 21
8777 12
8778 5
8779 18
8780 24
8781 9
8782 17
8783 35
8784 16
8785 5
8786 29
8787 11
8788 19
8789 33
8790 20
8791 2
8792 29
8793 21
8794 36
8795 28
8796 19
8797 33
8798 38
8799 37
8800 9
8801 17
8802 5
8803 37
8804 22
8805 19
8806 18
8807 19
8808 3
8809 3
8810 15
8811 29
8812 24
8813 34
8814 26
8815 33
8816 29
8817 8
8818 29
8819 12
8820 13
8821 15
8822 34
8823 30
8824 14
8825 20
8826 23
8827 33
8828 36
8829 27
8830 27
8831 30
8832 39
8833 25
8834 39
8835 19
8836 3
8837 28
8838 5
8839 5
8840 5
8841 6
8842 9
8843 15
8844 8
8845 14
8846 19
8847 37
8848 2
8849 12
8850 24
8851 21
8852 5
8853 31
8854 10
8855 4
8856 10
8857 22
8858 37
8859 8
8860 36
8861 36
8862 24
8863 4
8864 24
8865 11
8866 9
8867 22
8868 15
8869 14
8870 22
8871 31
8872 25
8873 2
8874 38
8875 7
8876 22
8877 31
8878 34
8879 33
8880 27
8881 19
8882 8
8883 17
8884 7
8885 31
8886 25
8887 25
8888 29
8889 25
8890 4
8891 9
8892 3
8893 20
8894 1
8895 33
8896 5
8897 33
8898 35
8899 3
8900 26
8901 2
8902 31
8903 30
8904 30
8905 18
8906 4
8907 26
8908 35
8909 24
8910 20
8911 27
8912 14
8913 31
8914 21
8915 18
8916 36
8917 3
8918 13
8919 2
8920 9
8921 37
8922 12
8923 29
8924 15
8925 18
8926 12
8927 35
8928 33
8929 30
8930 12
8931 36
8932 28
8933 24
8934 30
8935 3
8936 26
8937 5
8938 26
8939 21
8940 30
8941 27
8942 31
8943 30
8944 18
8945 26
8946 37
8947 21
8948 26
8949 3
8950 13
8951 32
8952 22
8953 26
8954 8
8955 35
8956 28
8957 9
8958 26
8959 13
8960 29
8961 30
8962 8
8963 2
8964 26
8965 7
8966 31
8967 18
8968 34
8969 7
8970 39
8971 1
8972 30
8973 33
8974 34
8975 33
8976 37
8977 40
8978 10
8979 40
8980 14
8981 24
8982 12
8983 20
8984 13
8985 34
8986 34
8987 16
8988 9
8989 21
8990 31
8991 15
8992 29
8993 8
8994 29
8995 4
8996 35
8997 11
8998 18
8999 3
9000 18
9001 39
9002 7
9003 20
9004 22
9005 2
9006 6
9007 32
9008 29
9009 26
9010 31
9011 30
9012 12
9013 21
9014 31
9015 19
9016 29
9017 36
9018 26
9019 35
9020 13
9021 13
9022 4
9023 31
9024 3
9025 2
9026 29
9027 40
9028 34
9029 38
9030 36
9031 32
9032 33
9033 11
9034 29
9035 26
9036 16
9037 20
9038 33
9039 19
9040 16
9041 18
9042 17
9043 3
9044 16
9045 25
9046 7
9047 33
9048 27
9049 2
9050 39
9051 11
9052 18
9053 27
9054 11
9055 29
9056 35
9057 33
9058 1
9059 39
9060 16
9061 38
9062 24
9063 15
9064 6
9065 29
9066 30
9067 8
9068 2
9069 7
9070 38
9071 5
9072 7
9073 11
9074 34
9075 7
9076 36
9077 36
9078 35
9079 11
9080 38
9081 3
9082 13
9083 27
9084 16
9085 1
9086 27
9087 20
9088 17
9089 22
9090 18
9091 33
9092 26
9093 28
9094 15
9095 35
9096 14
9097 23
9098 37
9099 18
9100 22
9101 30
9102 18
9103 29
9104 18
9105 30
9106 5
9107 39
9108 11
9109 1
9110 36
9111 37
9112 34
9113 3
9114 13
9115 8
9116 30
9117 8
9118 39
9119 15
9120 9
9121 2
9122 29
9123 23
9124 4
9125 35
9126 39
9127 24
9128 25
9129 10
9130 23
9131 18
9132 7
9133 40
9134 34
9135 33
9136 19
9137 27
9138 12
9139 22
9140 13
9141 20
9142 16
9143 34
9144 36
9145 26
9146 23
9147 6
9148 17
9149 21
9150 1
9151 17
9152 16
9153 2
9154 3
9155 11
9156 25
9157 7
9158 17
9159 13
9160 12
9161 30
9162 16
9163 19
9164 10
9165 36
9166 8
9167 9
9168 30
9169 10
9170 22
9171 5
9172 17
9173 32
9174 10
9175 11
9176 19
9177 13
9178 28
9179 38
9180 32
9181 2
9182 15
9183 7
9184 23
9185 26
9186 22
9187 2
9188 32
9189 15
9190 30
9191 6
9192 12
9193 26
9194 5
9195 37
9196 21
9197 38
9198 7
9199 6
9200 11
9201 2
9202 25
9203 40
9204 1
9205 24
9206 2
9207 33
9208 26
9209 6
9210 23
9211 10
9212 37
9213 6
9214 12
9215 40
9216 19
9217 3
9218 10
9219 31
9220 29
9221 10
9222 32
9223 25
9224 30
9225 8
9226 27
9227 19
9228 30
9229 38
9230 27
9231 28
9232 29
9233 29
9234 9
9235 26
9236 15
9237 24
9238 35
9239 32
9240 15
9241 39
9242 39
9243 3
9244 28
9245 3
9246 39
9247 11
9248 11
9249 37
9250 19
9251 7
9252 19
9253 23
9254 12
9255 16
9256 4
9257 12
9258 26
9259 19
9260 21
9261 36
9262 25
9263 26
9264 39
9265 29
9266 17
9267 34
9268 10
9269 22
9270 16
9271 23
9272 29
9273 11
9274 19
9275 16
9276 26
9277 18
9278 37
9279 1
9280 34
9281 37
9282 26
9283 3
9284 39
9285 33
9286 40
9287 12
9288 12
9289 35
9290 27
9291 37
9292 28
9293 3
9294 16
9295 6
9296 12
9297 38
9298 26
9299 39
9300 30
9301 21
9302 40
9303 10
9304 39
9305 40
9306 7
9307 9
9308 22
9309 25
9310 17
9311 7
9312 26
9313 14
9314 38
9315 9
9316 6
9317 31
9318 17
9319 22
9320 17
9321 29
9322 37
9323 36
9324 13
9325 34
9326 19
9327 39
9328 12
9329 30
9330 33
9331 33
9332 33
9333 2
9334 18
9335 38
9336 34
9337 5
9338 8
9339 26
9340 20
9341 13
9342 19
9343 12
9344 10
9345 39
9346 40
9347 4
9348 12
9349 9
9350 29
9351 23
9352 32
9353 31
9354 28
9355 13
9356 37
9357 17
9358 36
9359 9
9360 32
9361 17
9362 6
9363 2
9364 4
9365 24
9366 31
9367 3
9368 15
9369 19
9370 22
9371 4
9372 17
9373 32
9374 19
9375 17
9376 30
9377 31
9378 6
9379 11
9380 23
9381 1
9382 32
9383 33
9384 10
9385 4
9386 20
9387 20
9388 16
9389 24
9390 37
9391 4
9392 6
9393 20
9394 17
9395 9
9396 27
9397 37
9398 34
9399 28
9400 28
9401 35
9402 26
9403 19
9404 33
9405 15
9406 34
9407 19
9408 9
9409 17
9410 7
9411 30
9412 28
9413 38
9414 22
9415 4
9416 11
9417 20
9418 16
9419 34
9420 8
9421 2
9422 36
9423 16
9424 3
9425 26
9426 4
9427 5
9428 37
9429 34
9430 30
9431 19
9432 18
9433 17
9434 23
9435 31
9436 37
9437 17
9438 22
9439 13
9440 21
9441 36
9442 5
9443 38
9444 13
9445 15
9446 39
9447 39
9448 10
9449 24
9450 33
9451 25
9452 37
9453 40
9454 4
9455 17
9456 40
9457 35
9458 10
9459 13
9460 6
9461 21
9462 6
9463 8
9464 28
9465 36
9466 12
9467 19
9468 30
9469 15
9470 10
9471 5
9472 12
9473 6
9474 21
9475 37
9476 7
9477 2
9478 22
9479 4
9480 14
9481 13
9482 12
9483 37
9484 25
9485 9
9486 21
9487 10
9488 1
9489 25
9490 27
9491 35
9492 30
9493 25
9494 26
9495 14
9496 31
9497 7
9498 36
9499 38
9500 38
9501 35
9502 2
9503 32
9504 35
9505 14
9506 25
9507 11
9508 9
9509 25
9510 2
9511 22
9512 6
9513 14
9514 36
9515 39
9516 5
9517 21
9518 5
9519 35
9520 18
9521 14
9522 38
9523 24
9524 8
9525 34
9526 28
9527 26
9528 31
9529 27
9530 17
9531 3
9532 31
9533 37
9534 29
9535 9
9536 19
9537 25
9538 28
9539 36
9540 34
9541 39
9542 34
9543 11
9544 29
9545 33
9546 22
9547 16
9548 34
9549 2
9550 29
9551 7
9552 2
9553 34
9554 25
9555 34
9556 5
9557 3
9558 18
9559 6
9560 33
9561 31
9562 18
9563 26
9564 20
9565 10
9566 7
9567 40
9568 15
9569 7
9570 23
9571 4
9572 14
9573 12
9574 6
9575 34
9576 14
9577 19
9578 28
9579 29
9580 7
9581 23
9582 12
9583 40
9584 29
9585 31
9586 37
9587 19
9588 24
9589 4
9590 18
9591 19
9592 20
9593 35
9594 14
9595 11
9596 5
9597 1
9598 20
9599 19
9600 22
9601 2
9602 36
9603 15
9604 25
9605 24
9606 21
9607 4
9608 8
9609 31
9610 7
9611 21
9612 8
9613 37
9614 30
9615 15
9616 22
9617 3
9618 37
9619 27
9620 8
9621 30
9622 4
9623 40
9624 18
9625 12
9626 40
9627 5
9628 14
9629 12
9630 10
9631 18
9632 33
9633 35
9634 4
9635 4
9636 15
9637 11
9638 2
9639 27
9640 17
9641 12
9642 15
9643 29
9644 28
9645 2
9646 32
9647 26
9648 4
9649 30
9650 40
9651 9
9652 27
9653 22
9654 4
9655 35
9656 15
9657 38
9658 16
9659 15
9660 12
9661 33
9662 26
9663 15
9664 8
9665 4
9666 23
9667 28
9668 25
9669 5
9670 23
9671 2
9672 5
9673 14
9674 39
9675 16
9676 17
9677 10
9678 28
9679 6
9680 11
9681 16
9682 25
9683 30
9684 34
9685 36
9686 13
9687 26
9688 16
9689 17
9690 35
9691 18
9692 6
9693 19
9694 10
9695 39
9696 36
9697 12
9698 16
9699 18
9700 15
9701 29
9702 6
9703 17
9704 33
9705 22
9706 27
9707 12
9708 24
9709 9
9710 40
9711 15
9712 40
9713 18
9714 23
9715 8
9716 37
9717 15
9718 15
9719 6
9720 36
9721 23
9722 15
9723 8
9724 17
9725 36
9726 29
9727 12
9728 12
9729 13
9730 21
9731 1
9732 3
9733 22
9734 37
9735 34
9736 38
9737 21
9738 18
9739 23
9740 6
9741 37
9742 18
9743 29
9744 38
9745 33
9746 32
9747 3
9748 14
9749 31
9750 4
9751 6
9752 3
9753 5
9754 3
9755 33
9756 30
9757 32
9758 17
9759 21
9760 34
9761 24
9762 8
9763 4
9764 13
9765 18
9766 25
9767 12
9768 20
9769 40
9770 30
9771 17
9772 26
9773 35
9774 12
9775 4
9776 22
9777 37
9778 31
9779 32
9780 40
9781 20
9782 23
9783 27
9784 6
9785 6
9786 9
9787 13
9788 35
9789 22
9790 25
9791 7
9792 20
9793 19
9794 9
9795 16
9796 8
9797 29
9798 37
9799 9
9800 33
9801 26
9802 7
9803 5
9804 24
9805 21
9806 16
9807 8
9808 12
9809 8
9810 3
9811 24
9812 38
9813 17
9814 13
9815 20
9816 36
9817 10
9818 22
9819 37
9820 15
9821 32
9822 17
9823 5
9824 35
9825 30
9826 10
9827 5
9828 19
9829 24
9830 14
9831 25
9832 4
9833 38
9834 12
9835 13
9836 37
9837 10
9838 26
9839 20
9840 39
9841 31
9842 16
9843 12
9844 35
9845 4
9846 16
9847 25
9848 27
9849 2
9850 26
9851 13
9852 4
9853 16
9854 20
9855 29
9856 2
9857 10
9858 17
9859 6
9860 9
9861 13
9862 34
9863 9
9864 27
9865 36
9866 32
9867 37
9868 5
9869 19
9870 31
9871 35
9872 23
9873 24
9874 39
9875 25
9876 24
9877 12
9878 6
9879 32
9880 38
9881 7
9882 8
9883 5
9884 38
9885 20
9886 2
9887 26
9888 8
9889 16
9890 21
9891 8
9892 21
9893 1
9894 9
9895 5
9896 13
9897 2
9898 12
9899 38
9900 4
9901 7
9902 37
9903 15
9904 18
9905 2
9906 35
9907 24
9908 29
9909 28
9910 13
9911 4
9912 38
9913 36
9914 26
9915 30
9916 2
9917 36
9918 9
9919 34
9920 2
9921 16
9922 34
9923 23
9924 16
9925 6
9926 21
9927 17
9928 17
9929 33
9930 30
9931 34
9932 30
9933 24
9934 1
9935 20
9936 24
9937 20
9938 13
9939 3
9940 27
9941 38
9942 8
9943 6
9944 16
9945 16
9946 5
9947 26
9948 15
9949 4
9950 6
9951 23
9952 38
9953 19
9954 32
9955 38
9956 30
9957 9
9958 19
9959 7
9960 34
9961 28
9962 2
9963 19
9964 9
9965 27
9966 35
9967 29
9968 36
9969 30
9970 1
9971 22
9972 5
9973 24
9974 11
9975 17
9976 33
9977 30
9978 4
9979 4
9980 38
9981 14
9982 3
9983 34
9984 28
9985 2
9986 32
9987 35
9988 4
9989 33
9990 17
9991 24
9992 38
9993 5
9994 36
9995 33
9996 4
9997 10
9998 7
9999 31
10000 35
